,Sentences,Epoch-10
0,"„Ein Großteil des digitalen Übergangs ist für die Vereinigten Staaten neu, ein friedlicher Machtwechsel hingegen nicht“, schrieb Obamas Sonderberaterin Kori Schulman am Montag in einem Blogeintrag.",1.8116472113277287
1,"Für alle, die Social-Media-Übergänge auf dem Capitol Hill verfolgen, wird dieser Übergang ein wenig anders sein.",1.627782769747518
2,"Entgegen seinen bisherigen Äußerungen zur Begrenzung der Einwanderung verkündete der Nominierte der Republikanischen Partei, dass er als Präsident „enorm viele“ legale Einwanderer basierend auf einem Punktesystem akzeptieren würde.",1.534679093600032
3,"„Ich möchte euch ungern unter Druck setzen, aber das Schicksal der Republik liegt in euren Händen“, sagte er zu der Menschenmenge, die sich auf einem Sportplatz an der University of North Carolina versammelt hatte.",1.180638588648004
4,Die neuen Ausgaben werden über Clintons wohlgefülltes Bankkonto finanziert.,1.5333218078297672
5,Was sie sagt und was sie tut - eigentlich ist es unglaublich.,1.1335305469797197
6,"5.000 $ pro Person, das erlaubte Maximum.",1.7497856515052548
7,"Anfang Oktober nutzte das Übergangsteam denselben Veranstaltungsort für ein Treffen mit Technologielobbyisten, zu dem u.a. Vertreter von Uber, der Motion Picture Association of America und der Consumer Technology Association eingeladen waren.",1.8692149259416957
8,Das Treffen sollte ursprünglich nur ein paar Blocks entfernt im exklusiven Metropolitan Club in Washington auf der H Street stattfinden.,1.41927140850651
9,Vielleicht war die Kleiderordnung zu bieder.,1.603594004025549
10,"Anstatt beispielsweise wissenschaftliche Methoden als eine eigene Unterrichtseinheit zu lernen, erarbeiten die Schüler wissenschaftliche Inhalte, indem sie diese anwenden.",1.3857018811964417
11,"In der 4. Klasse liegen sie im nationalen Durchschnitt, und in der 8. Klasse sind sie besser als der nationale Durchschnitt.",1.1422106814415087
12,"Im Vergleich dazu kostete es 103,7 Millionen Dollar, die U-Bahn-Haltestelle NoMa zu bauen, die 2004 eröffnet wurde.",1.8580138926297602
13,"„Wir stehen im Wettbewerb und wir denken, ein Transitsystem kann dabei helfen“, sagte Joe Sternlieb, Präsident des Georgetown BID.",2.0247065145247825
14,Der Machbarkeitsstudie zufolge könnten die Passagiere den Potomac River mit der Gondel in ungefähr 4 Minuten überqueren.,1.694221181223149
15,"Ein Zeuge berichtete der Polizei, dass das Opfer den Verdächtigen im April angegriffen hatte.",1.1049205820029724
16,Hier kann man Parallelen zwischen Spielen und unserem täglichen Leben ziehen.,1.2592525025356442
17,Dieser Anteil ist über die Jahre kontinuierlich gestiegen – vor dem Wahltag 1996 wurden laut der US-Statistikbehörde nur 11 Prozent der Gesamtstimmen abgegeben – und dürfte auch dieses Jahr wieder sprunghaft ansteigen.,1.610206975919611
18,"Heute ist Khanzir vielleicht ein einsames Schwein, aber er ist nicht immer alleine.",1.5131998714951662
19,"„Wir haben andere Länder darum gebeten, uns dabei zu helfen, den Zoo mit verschiedenen Tierarten zu füllen, unter anderem mit einem Schwein“, so Saqib.",1.5636329129558
20,"Es gab einen Punkt, sagte Prasad Panvalker, an dem er das Gefühl hatte, dass sie das Gebäude verlassen sollten.",1.643956514040497
21,Sie wurde auch der versuchten Tötung ihrer zweijährigen Tochter angeklagt.,1.3158572966887907
22,"Sie tötete Andre Price III, indem sie sein Gesicht in eine Luftmatratze in ihrem Wohnzimmer drückte, bevor sie dasselbe bei ihrer Tochter Angel versuchte, wie die Polizei mitteilte.",1.5963410041362618
23,"Ich werde so oder so ins Gefängnis kommen, ich hoffe, das war es wert.",0.9993495545346921
24,"Zuerst begann eine der Yazidi-Frauen zu weinen, dann eine ihrer Freundinnen.",2.018408666375287
25,"Osborne meldete sich bei einer amerikanischen Redneragentur an, nachdem er im Juli gefeuert wurde.",1.4191747777933663
26,"Michael Fallon sagte, das Datum des ersten Stahlschnitts würde dazu beitragen, neue Investitionen zu sichern und hunderte qualifizierte Arbeitsplätze bis 2035 zu erhalten.",1.3954145923522003
27,Neue Bestellungen der Royal Navy zum Erhalt der Schiffbauindustrie am Clyde wurden vor dem schottischen Unabhängigkeitsreferendum 2014 versprochen.,1.8538176443786978
28,"Es ist am offensichtlichsten, wenn der Name einer Berühmtheit zuerst ziemlich selten ist.",1.1189435828328635
29,"Und 2007, auf der Höhe seiner Popularität (und vielleicht auch der von Knightley), war der Name unter den Top 50, und dreimal so viele Babys wurden Keira statt Kiera genannt.",1.8279185931014008
30,Die südkoreanische Firma ging zunächst von einem Akkufehler aus und tauschte ihre eigene Komponente gegen eine Batterie von einem anderen Hersteller aus.,1.4387597541051738
31,"Verschiedene Experten haben darauf hingewiesen, dass Huawei am meisten von Samsungs Rückschlag profitieren könnte.",1.537736829615204
32,"Den Mate 9 Smartphones fehlt eine Schnittstelle für künstliche Intelligenz, wie der Google Assistant oder Siri (Apple).",2.0109713193111123
33,"Ein Reiseexperte warnte jedoch, dass WLAN im Flugzeug oft unzuverlässig sei und die Wahl der Fluggesellschaft wahrscheinlich nicht beeinflusse.",1.5483025294817496
34,"Aber es kann sein, dass BA und IAG es geschafft haben und etwas halbwegs Zuverlässiges anbieten können.",1.611556223335957
35,"Die Firma teilte der BBC mit, dass die Entscheidung, ob Passagiere eine Zugangsgebühr entrichten müssten, bei der jeweiligen Fluggesellschaft liege.",1.5326940640888844
36,"Die meisten Leute würden WLAN am Flughafen nützlicher finden als die Möglichkeit, E-Mails vom Flugzeug aus zu verschicken.",1.3048011783904054
37,Manchmal ist das wie eine Superkraft.,0.9178588761621954
38,Das Projekt wird über Sponsoren und Werbung finanziert.,1.4071279780328856
39,Der 10-wöchige Kurs wurde von dem britischen Geheimdienst GCHQ „zertifiziert“.,1.9477931636707113
40,Doch einige Sicherheitsexperten hinterfragen die Notwendigkeit des Kurses und die Absicht dahinter.,1.2317667901855833
41,Bisher hatten nur Blogger die Jets gesehen.,1.8237768544028718
42,"Natürlich wird China diese Woche noch mehr seiner Militärausrüstung vorstellen, von Kampfhubschraubern bis Wasserflugzeugen.",1.520819458235017
43,"Und da China im nächsten Jahrzehnt der größte Luftverkehrsmarkt der Welt werden soll, ist die Flugschau eine Gelegenheit für Peking, seine Ambitionen sowohl hinsichtlich der Zivilluftfahrt als auch der Verteidigung zu zeigen.",1.473320023631532
44,"„Leider ist es wieder so, dass es ein paar wenige für alle ruinieren“, schrieb Jesse LaBrocca, Gründer von Hack Forums, in einer Nachricht, in der er erklärte, warum der Bereich geschlossen wurde.",1.8005905723100666
45,"Die „jüngsten Ereignisse“ sind wahrscheinlich die Angriffe vom 21. Oktober, die kurzzeitig beliebte Webseiten wie Reddit, Twitter, Spotify und viele andere lahmlegten.",1.9242067857744536
46,"Eine Analyse zeigte, dass riesige Datenmengen benutzt wurden, um die Störung zu verursachen.",1.1379023023254335
47,"Eine Überprüfung der nationalen Pläne zur Kohlenstoffsenkung durch die UN ergab eine deutliche Überschreitung der Level, die dafür nötig sind, den globalen Temperaturanstieg unter 2°C zu halten.",1.4609174573420813
48,"Vielen Wissenschaftlern zufolge werden nun Technologien, die Kohlenstoff aus der Luft entfernen, benötigt, um die Ziele von Paris zu erreichen.",1.2524657379430284
49,"„Wir bewegen uns in die richtige Richtung: das Abkommen von Paris wird den Klimawandel verlangsamen, genauso wie das Abkommen von Kigali zur Reduzierung von FKW“, sagte der Direktor des UN-Umweltprogramms, Erik Solheim.",1.6976524006509797
50,Investitionen in diesem Bereich sind 2015 um 6 % auf 221 Milliarden Dollar gestiegen.,1.350307352893272
51,"Es ist fantastisch, dass sie das Pariser Abkommen zustande gebracht haben, aber momentan erreichen ihre Beiträge nicht einmal annähernd das Ziel von 1,5 Grad.",1.3102749132953777
52,Es wurde von April bis Juni in der Nähe der Mexikanischen Küste durchgeführt,1.3665973161551517
53,"Das wird neue Rückschlüsse auf die Umweltveränderungen zulassen, welche die Erde überwältigten und so viele Spezies – nicht nur die Dinosaurier – vernichteten.",1.3383098529421256
54,Charakteristisch für dieses meteoritische Material werden wahrscheinlich hohe Anteile des Elements Iridium sein.,1.6598592048220404
55,Knapp über 70 % der Pflanzen aus Samen von der Erde waren nach 17 Tagen noch am Leben – nur wenige mehr als die Pflanzen aus Samen aus dem All: knapp über 66 %.,1.844731454160434
56,"Die Ergebnisse dieses Experiments liefern weitere Belege dafür, dass Rucolasamen zur Internationalen Raumstation geflogen und dort sechs Monate aufbewahrt werden können, ohne dass es zu wesentlichen Auswirkungen auf ihre Keim- und Wachstumsfähigkeit auf der Erde kommt.",1.3281235490294783
57,"Die RHS sammelte Kommentare von Schulkindern und Lehrern, die in das Experiment involviert waren.",1.443202606017085
58,"„Es gibt immer noch einen Igitt-Faktor bei der Vorstellung, die Haare anderer Menschen zu kaufen und zu tragen“, sagt Tarlo.",1.7407202481508681
59,"In China werden die Haare normalerweise in ein chemisches Bad gegeben, um die Haarinde vollständig zu entfernen, erklärt Tarlo.",1.6763551879426972
60,"Der internationale Haarmarkt hat im Laufe der Geschichte immer auch eine politische Dimension gehabt, sagt Tarlo.",1.6696093765890545
61,"Heute Nacht nutzen wir Fernlicht für unsere Strafmaßnahmen, ist in dem Eintrag zu lesen.",1.6474670909563802
62,Die Verkehrspolizei in Shenzhen hat schon zuvor auf unkonventionelle Strafen gesetzt.,1.5512167572340954
63,Wer sind sie?,0.7467515276042063
64,"Ein Großteil der Debatte vonseiten der Demokraten hat sich um weiße, männliche Identität gedreht.",1.5408791064945757
65,"Ich fragte sie hinterher, ob sie verstand, warum Leute Trump wählen könnten.",1.3647359931834557
66,Nicht jeder kann darüber stehen.,1.1284878112508125
67,"Zum Glück hat einer bei Sony Australia gesagt: Hey, übrigens, habt ihr das gemerkt?, sagt Pall.",2.1314385321067353
68,"Seagal sorgte für Schlagzeilen, als er das russische Vorgehen auf der Krim, die Russland 2014 annektierte, als „sehr vernünftig“ beschrieb.",1.8909784164738237
69,Als leidenschaftlicher Gitarrist gab er dort im selben Jahr ein Konzert.,1.3185309048924525
70,"Seagal, dessen Großmutter aus Wladiwostok im Fernen Osten Russlands stammt, ist in den letzten Jahren häufig nach Russland gereist und hat im September Kamchatka und Sakhalin besucht.",2.0271435592629863
71,"Zu Beginn des Jahres erhielt Seagal die serbische Staatsbürgerschaft, nachdem er angeboten hatte, eine Kampfsportschule in der Hauptstadt Belgrad zu errichten.",1.3693829254703007
72,"Ein Polizeisprecher berichtete der Associated Press, dass es einen „Wortwechsel“ gab, gefolgt von einer heftigen Auseinandersetzung, aber dass keine Verletzungen angezeigt wurden.",1.335843230666273
73,"Cuaron, dessen letzter Film das oscarprämierte Drama Gravity war, befand sich zur Zeit des Vorfalls angeblich nicht am Set.",2.004293397170605
74,"Der örtlichen Polizeibehörde zufolge kam es zu einem Kampf, nachdem „eine große Gruppe von Personen …, die sich als Bezirksbeamte auswiesen“, am Dienstag am Set eintraf.",1.6179997534123862
75,Forscher untersuchen das Potenzial für hormonelle Verhütungsmittel für Männer seit ungefähr 20 Jahren.,1.442347460579361
76,Er fügte hinzu: „Das war ein Schritt auf der langen Suche nach der richtigen Kombination für hormonelle Verhütung für Männer.“,1.5206388449258614
77,Allerdings haben viele Abgeordnete der Nordirischen Versammlung tiefe religiöse Überzeugungen und lehnen jegliche neue Gesetzgebung ab.,1.4973609621929023
78,"Forschern zufolge kann die DNA-Analyse eines Tumors dazu beitragen, die eigentlichen Ursachen anderer Krebsarten zu klären.",1.4198644250844359
79,"Die Analyse zeigt eine direkte Verbindung zwischen der Anzahl von Zigaretten, die im Laufe des Lebens geraucht wurden, und der Anzahl von Mutationen in der DNA des Tumors.",1.234326638111459
80,"Das gleiche Muster ließ sich jedoch nicht in Gewebe finden, das dem Rauch nicht direkt ausgesetzt ist, wie z. B. die Blase.",1.5479498997509806
81,Ms Pugh wurde im Papworth- und im Addenbrooke's-Krankenhaus in Cambridgeshire behandelt.,2.6130666235654703
82,"Doch ein Scan hat gezeigt, dass der Tumor in Frau Pughs rechter Lunge wächst, und so musste sie die Studie verlassen.",1.7065140048560279
83,"Wenn Donald Trump Präsident wird, muss die Regierung hier trotzdem mit ihm zusammenarbeiten, um die gemeinsame Agenda voranzubringen und sicherzustellen, dass kanadische Firmen und Interessen in Washington vertreten werden.",1.1022885676742011
84,"Trudeau wird den 45. Präsidenten der Vereinigten Staaten einladen, wer auch immer das sein wird.",1.3452854433014756
85,"Trotz der Veröffentlichung eines Fotos heute Morgen sagt die Polizei in British Columbia, dass sie mehr Fragen als Antworten hat, was einen anscheinend obdachlosen Mann betrifft, der angeklagt ist, weil er eine Jugendliche an ihrer High School in Abbotsford erstochen haben soll.",1.3426478581910175
86,"Die Polizei in British Columbia sagte zuvor, dass Klein keine Vorstrafen zu haben schien, und veröffentlichte vage Details über seine letzten Aufenthaltsorte.",1.4452255108879266
87,"Wir glauben nicht, dass der Verdächtige eine Verbindung zu dieser Schule hat oder zu den zwei Mädchen oder speziell zu Abbotsford, sagte sie.",1.3180859650391734
88,"Er sagte auch, dass Klein verschlossen, unkooperativ und nicht gewillt sei, von den Gefängniszellen unter dem Gerichtsgebäude nach oben zu seiner Anhörung zu gehen.",1.3714980489970676
89,"Die Vereinigung, die Immobilienmakler in Ontario vertritt, sagt, dass mehr getan werden muss, um Kunden zu schützen und Makler mit unethischen Geschäftspraktiken zu bestrafen.",1.4459023856379822
90,"Er wünscht sich außerdem eine verstärkte Anwendung des Gesetzes und Ermittlungsbefugnisse für den Immobilienrat in Ontario (RECO), der den Immobilienmarkt in der Provinz reguliert.",1.5883185147042256
91,"Derzeit beträgt die höchste Strafe, die der RECO über einen Makler verhängen kann, 25.000 Dollar.",1.6126677429222578
92,"Aber Chinas wachsende Mittelklasse hat sich ungewöhnlich stark über giftige Luft in Städten wie Peking beschwert, die der Smog Tag für Tag im Würgegriff hält.",1.7469729817107873
93,"Wir sehen, dass sehr viele Länder, und vor allem große neue Emittenten wie Brasilien, Südafrika, Indien und China, versuchen, bei der Reduktion von Emissionen eine Rolle zu spielen, sagte Guilbeault.",1.6324040386419887
94,"Er könnte auch bis zum Ende seiner ersten Amtszeit warten, um eine Bestimmung in dem Abkommen von Paris dazu zu nutzen, aus dem Pakt auszutreten.",1.3484191332524105
95,"Clinton und ihre Verbündeten versuchen derweil, Trump in der Diskussion zu halten, indem sie ihm vorwerfen, seine abwertenden Kommentare über Frauen und Minderheiten sowie sein Temperament würden ihn für das Amt disqualifizieren.",1.4330691553978214
96,"Das brauchen wir in unserem Land nicht, Leute.",1.1214460451700405
97,"Trumps Ehefrau, Melania Trump, hatte ihren ersten Auftritt im Wahlkampf seit dem Republikanischen Parteitag im Juli.",1.6461972486972107
98,"Schüler wie Rai sprechen mit Psychologen an der Schule über das Geschehene, aber Rai sagt, am meisten Trost spenden ihr ihre Freunde.",1.734114775537663
99,"Das ist eine Katastrophe für Schmerzpatienten, sagte Mailis in einem Interview mit CBC News am Donnerstag.",1.668104095752392
100,"Ärzte haben diese Mittel nicht, sie haben nur einen Rezeptblock und eine Spritze, sagte Mailis.",1.8416319936886465
101,"Gerry McNeilly, Leiter der unabhängigen internen Ermittlungsbehörde in Ontario, veranlasste die dieswöchige Untersuchung, nachdem „alarmierende Fragen“ über den Umgang von Polizeibeamten mit Ureinwohnern aufgeworfen wurden.",1.630952143159883
102,"Bei der Überprüfung werden auch hetzerische Posts auf Facebook vom September untersucht, die angeblich von Polizeibeamten in der Stadt im nördlichen Ontario stammen.",1.5034175829051912
103,"Leitende Angestellte erhielten ebenfalls eine sogenannte „Leistungszulage“ für das Erfüllen oder Übertreffen der Erwartungen, die sich insgesamt auf 1,5 Millionen Dollar beläuft bzw. durchschnittlich geschätzte 15.000 Dollar pro Person beträgt.",1.5460562306207817
104,"Das Jahresbudget beträgt über 1,4 Milliarden Dollar und die Zahl der Beschäftigten liegt bei über 6.000.",1.4641787961283133
105,"Die Regierung veröffentlicht auf eigene Initiative die Höhe der Leistungszulagen und der Bonuszahlungen für jede Abteilung, doch der letzte Eintrag im Netz ist von 2013-2014 und damit zwei Jahre alt.",1.7239311381824276
106,"Die Gesamtsumme für Leistungszulagen und Boni betrug dieses Jahr 1,5 Millionen Dollar, was ungefähr dem Niveau von 2015-2016 entspricht.",1.8072053496201457
107,"Gomery, der die Untersuchungskommission für den Sponsorship-Skandal zwischen 2004 und 2006 leitete, sagte, solche Gremien seien unverzichtbar, um das Vertrauen der Öffentlichkeit in die Rechtsstaatlichkeit wiederherzustellen.",1.2848192600838706
108,"Das führte in den vergangenen zwei Tagen zu der Erkenntnis, dass mindestens sechs weitere Journalisten in Quebec das Ziel von Überwachungsaktionen der örtlichen Polizeibehörde waren.",1.1845823898805778
109,"Die Richtlinien bestimmen, dass Einzelpersonen oder Organisationen durch die finanzielle Unterstützung von Politikern oder politischen Parteien kein privilegierter Zugang zur Regierung oder der Anschein privilegierten Zugangs gewährt werden soll.",1.1484287990246196
110,"Der Richter entschied in der Gerichtsverhandlung wegen Betrugs und Veruntreuung schließlich, dass sie durch die Regeln des Senats abgedeckt waren, als er Duffy von allen Anschuldigungen freisprach.",1.286920398214952
111,Unsere Handys sind heutzutage so viel mehr als Telefone.,1.3324779444296224
112,"Es ist unglaublich, berichtete die Kundin Lindsay Gay, die unbegrenztes Datenvolumen von SaskTel bezieht, letzten Monat.",1.9832699918401389
113,"Er wies außerdem darauf hin, dass Rogers kürzlich eine neue App vorgestellt hatte, die Kunden hilft, ihren Datenverbrauch zu überwachen.",1.4582328842975496
114,"Das ist es, was uns süchtig macht.",1.0370009977185575
115,"Diese Schätzwerte stimmen mit dem Anteil neuer Wohnungen, die nach ihrer Fertigstellung auf dem Vermietungsmarkt landen, überein, was die wichtige Rolle der (inländischen) Investoren auf dem Wohnungsmarkt in der Metropolregion um Toronto erkennen lässt.",1.7633830767849046
116,"Diese Sorte hilft bei Rückenschmerzen, diese Sorte hilft bei Übelkeit und dieses Produkt hilft bei Schlafproblemen, sagt Dietrich von der Hauptgeschäftsstelle in Denver, Colorado, wo Marihuana legal verkauft wird.",1.749894333984926
117,Doch ohne einen rechtlichen Rahmen und mit dem Ursprung von Marihuana als stimmungsverändernde Volksmedizin bleiben die Firmen ratlos.,1.6133455295396202
118,"Eisen ist ein essentielles Element, das der Körper benötigt, um das Protein Hämoglobin zu produzieren, das sich in roten Blutkörperchen befindet und für den Sauerstofftransport in Körpergewebe zuständig ist.",1.665505434417758
119,Die aktuelle Wartezeit beträgt acht Wochen.,1.251214452924467
120,"Laut Canadian Blood Services ist es möglich, normale Hämoglobinwerte bei insgesamt niedrige Eisenreserven zu haben.",2.2381453452482467
121,Durch die neuen Bestimmungen für Eisenwerte werden mehr Spender gebraucht.,1.5554856140210422
122,"Was als Routine-Ultraschall begann, wurde kompliziert, als der werdenden Mutter Margaret Boemer aus Plano, Texas, mitgeteilt wurde, dass ihr ungeborenes Kind eine seltene Krankheit habe und sofort operiert werden müsse, um zu überleben.",1.5660863781879162
123,"Ein Steißbeinteratom ist ein Tumor, der sich vor der Geburt entwickelt und am Steißbein des Babys wächst.",1.8773810140482714
124,"Es ist der bei Babys am häufigsten zu findende Tumor, der in einer von 35.000 Geburten auftritt.",1.7390560034761575
125,Sie war 84 Jahre alt.,1.2818023554913913
126,"Er beschrieb sie als „bemerkenswerte“ und „liebevolle und wunderbare“ Frau, die die literarische Welt mit ihren Geschichten prägte.",1.8159047241858566
127,"Einige Männer verstehen es, und Bono ist einer von diesen Typen, sagte Leive kürzlich in einem Interview.",1.7864508972285698
128,"Mit nur 20 Jahren macht sie sich gegen Mobbing stark und bestärkt Mädchen darin, ihre eigene Definition von Schönheit zu verinnerlichen.",1.4287408946625344
129,"Ihre Stimme ging im wahrsten Sinne des Wortes um die Welt, sagte Leive.",1.7392718069834883
130,"Sobald die offiziellen Partyfotos veröffentlicht wurden, hagelte es Kommentare in den sozialen Medien – und sie waren alles andere als positiv.",1.331673702010936
131,"Viele Menschen, darunter auch indigene Gruppen, argumentieren, dass sie die Kultur der First Nations trivialisieren.",1.5048372830469001
132,"Das Ziel dieser CRTC-Sitzungen ist es, Reaktionen von Teilhabern aus der Industrie und von der Öffentlichkeit zu bekommen.",1.483052252911862
133,"Das würde nicht nur Unterhaltungsangebote betreffen, sondern auch Bildung, Forschung und, vielleicht am wichtigsten, den politischen Diskurs.",1.2863736327445885
134,Schließlich ist das Internet kein Luxus – es ist ein notwendiges Werkzeug.,1.376063941910578
135,"Die Trümmer formten einen Ring um den Erdäquator und wurden schließlich durch Gravitation zusammengezogen, um den Mond zu bilden.",1.484291868715285
136,Trotzdem sind immer noch viele Fragen unbeantwortet.,1.2232735422959773
137,In der Stadt Hillsborough direkt neben Chapel Hill wurde das Parteibüro der republikanischen Partei letzten Monat mit einem Brandsatz attackiert.,1.593561391450944
138,"Nachdem North Carolina 2013 sein restriktives Gesetz zum Wahlrecht verabschiedete, besuchte Campbell Kirchen, um anderen beizubringen, wie sie mit Problemen bei ihrer Registrierung umgehen konnten.",1.4642802778458215
139,"Er konnte die Auswirkungen der Wahl um ihn herum wahrnehmen, durch das Aufplatzen von Konflikten und die eigenartigen Überschneidungen von neuen und alten Ideen.",1.3499552273320856
140,"Diese Diskordanz zwischen ökonomischen Daten und politischer Rhetorik ist bekannt, oder sollte es sein.",1.5423975846460714
141,"Republikanische Wirtschaftsexperten warnen davor, diese Daten als Beweis dafür anzusehen, dass ihre Partei keine Ahnung von Wirtschaftspolitik hat.",1.2952132022610714
142,"„Ich weiß nicht, wie groß der BIP-Wachstum unter Washington und unter Lincoln war, aber die institutionellen Entwicklungen während dieser Amtszeiten hatten erhebliche und langanhaltende Auswirkungen.",1.4483211655218764
143,"Es gibt mehr Unterschiede als Gemeinsamkeiten zwischen Sulla und Trump, Rom und den USA, doch das ändert nichts an den Ähnlichkeiten.",1.2443848203151264
144,"Und sie räumte ein: „Schauen Sie sich an, wo sie zugibt, dass wir etwas anders machen müssen – wir können es besser – und wo sie Bedauern ausgesprochen hat.“",1.5415838820697094
145,"Doch als die Kritik an Clinton als First Lady spöttischer wurde, entwickelte Karel mehr Mitgefühl.",1.7933569118177763
146,"„Wenn ich ihn spiele, fühle ich mich mächtig“, erklärte der Donald Trump-Imitator John Di Domenico dem Online-Magazin Slate letztes Jahr.",1.9852516269941913
147,"Während die Hysterie um die Präsidentschaftswahlen 2016 zunimmt, beschäftigt Karel eine beunruhigendere Gefahr als dummes Gerede.",1.674604915791431
148,"Normalerweise sind es Künstler, die eine Menge Sachen machen wollen.",1.0299217871439832
149,Dann endet die Werbung.,1.2777383748293336
150,"Die Produzenten von Miami Bass nahmen die Kunst sehr ernst, Hintern zu bewegen – ihr Hauptanliegen.",1.8085359243104602
151,"In einem kürzlich gegebenen Interview beschrieben Zay und Zayion, wie sie ihre Version von „Knuck If You Buck“ auf einem heimischen Laptop aufnahmen.",2.072726449884036
152,"Doch Herausforderungen und die Songs, die diese musikalisch untermalen, fügen ein verbindendes, nachvollziehbares Nervensystem zu der zuckenden Masse grobkörniger Videoschleifen hinzu.",1.7200057295052986
153,"Das Revival dieser Songs unterstreicht den Reiz einer richtigen Herausforderung, ob künstlerisch oder anderweitig: Unbehagen, Entfaltung und eine tiefgehende Verbindung.",1.5910826327138825
154,"Platon hielt es für bedeutend sicherer, die Macht hoch gebildeten Wächtern anzuvertrauen.",1.875460836529957
155,"Wie viele andere, die ich kenne, bin ich die letzten Monate lange aufgeblieben und habe mit Schrecken die Umfragen verfolgt.",1.2280611364383742
156,"Caplan hält nichts von retrospektivem Wählen und zitiert zwei Gelehrte, die sagen, es sei „genau so vernünftig wie den Pharao zu töten, wenn der Nil nicht über die Ufer tritt.“",1.919660342667347
157,"Aber davon abgesehen hatte sie nichts offensichtlich Künstlerisches an sich oder in der Art, wie sie mit anderen umging.",1.1347739089932138
158,"2010 veröffentlichte die Stiftung eine gesetzte Edition von „Zettel's Traum“ und nahm damit denjenigen die Hürde, das Buch zu lesen, die vor dem skizzenartigen Fotodruck zurückschreckten.",1.933690963232731
159,"Als ich mit Woods per E-Mail korrespondierte, versuchte ich mich darin, ein Etymon aufzudecken.",1.7689735454206028
160,"„Totale Vernachlässigung seiner eigenen Gesundheit“, berichtete seine Ehefrau Alice.",1.7863618462498831
161,"Jede Karte in der Ausstellung erzählt ihre eigene Geschichte, nicht alle beruhen auf Tatsachen.",1.4782146213923468
162,"Ebenfalls zum ersten Mal werden Karten des britischen Verteidigungsministeriums ausgestellt, die Pläne für Kämpfe im Kalten Krieg darstellen und in Prüfungen am Military College verwendet wurden.",1.2900452861356986
163,"Der Wahlkreis ist in dem Bezirk North Kesteven, wo 62 % der Wähler den Austritt aus der EU befürworteten.",2.1063547188577947
164,"Seine Fähigkeit, Antworten für die Steuerzahler zu bekommen, wird schmerzlich vermisst werden.",1.1863079302182349
165,"Christian Wolmar, der einige Bücher über die Geschichte der Eisenbahn geschrieben hat, wird am 1. Dezember zur Wahl stehen.",1.3706995125756176
166,"Die Liberaldemokraten, die den wohlhabenden Vorort bis 2010 vertreten haben, hoffen, ihn mit ihrer Kandidatin Sarah Olney zurückzugewinnen.",1.7243624557736281
167,Inzwischen hat die getrennt lebende Ehefrau eines Parlamentarischen Geschäftsführers ihre Kampagne um den Sitz gestartet.,1.502672856144679
168,"Er war sehr freundlich und nahm es wie ein Mann, aber ich bin total wütend.",1.1372810766636958
169,Über 330 Besatzungsmitglieder sind an Bord des Schiffes.,1.3962544182627785
170,"Vega wies darauf hin, dass dessen Geschichte vielen aufgrund ihres Alters nicht bewusst sei.",1.3667656875638992
171,Dort wurden Leute umgebracht.,1.2645198759513363
172,Ein Kohlekraftwerk in Badarpur im Südosten von Delhi und die Dieselgeneratoren in der Stadt werden 10 Tage lang außer Betrieb gesetzt.,1.70231257580341
173,Danach verbrachte er vier Jahre beim Radiosender BBC World Service im Bush House.,1.7967796149459991
174,Er arbeitete ein Jahrzent für die BBC.,1.997157259000967
175,"Über eine Zeile in einem ihrer vielen trauernden Facebook Posts hätte sich Chris sehr gefreut: „Ich kenne niemanden, der afrikanischer ist als du.“",1.5065189772539576
176,Wer kann diese australische Mannschaft stoppen?,1.199000279125553
177,War ihr göttliches Recht auf den Titel als Weltbeste nicht länger gegeben?,1.8325812349979098
178,"Sie haben einen Versuch, das wiedergutzumachen, indem sie England besiegen.",1.019085279824199
179,"Für Südafrika gibt es fast kein Zurück mehr, und wir müssen in der Lage sein, ihnen gleichzukommen.",0.9959307264573659
180,"Er hat seine harten Kanten im Spiel, aber auch weiche Hände.",1.606533694095875
181,"Wir haben eine tolle Mannschaft und es ist für uns eine Gelegenheit, weiterzukommen.",1.031003364356774
182,"Du musst dich dagegen wehren, und mir ist es lieber, jemand rennt auf mich zu, als um mich herum.",1.2745497094846143
183,"Es war, als würde er den Ball unter drei umgedrehten Bechern hin und her bewegen.",1.5101966261812076
184,"Australien, abgehärtet durch seine letzten Spiele bei der Rugby-Meisterschaft, war weit überlegen.",1.6171364961225074
185,"Wenn Donald Trump gewinnt, würde das die Welt sofort noch beunruhigender und unbeständiger machen, als sie es ohnehin schon ist.",1.3568448272225921
186,"Clinton hat den Ruf, einen harten politischen Kurs zu verfolgen, doch die kriegsmüde öffentliche Meinung wird diesen abschwächen.",1.610715467450071
187,Er hat sich für Folter ausgesprochen.,1.17116377448719
188,Ich tue mich auch schwer mit Passwörtern.,1.4966462501465545
189,"Dann gibt es noch die sogenannten wahren Geschichten, die mit einer Reihe von bedeutungsvollen Bildern veröffentlicht werden, unter denen der Text steht.",1.1103429429755214
190,"Natürlich verstehe ich, dass das heutige Deutschland von dem Nazi-Regime getrennt werden muss.",1.2382608006745845
191,"In der Ecke steht ein Mädchen mit Kopftuch und Jeans, das so unprätentiös aussieht, dass ich denke, dass es eine andere Assistentin ist.",1.4559463648377018
192,"Künstler erreichen Menschen in ihrem Herzen; es ist das einzige Mal, dass wir uns an einem Ort treffen und unsere Unterschiede beiseitelegen.",1.151869753409992
193,Zu seinen ungewöhnlicheren Auszeichnungen zählen weltweiter Botschafter für die New York City Health and Hospitals Corporation und ein Platz an der Harvard Business School.,1.6237341861575048
194,Ich kann das einfach mit meinem Leben machen.,0.8988977618418355
195,"Ich wollte es mir mit ihnen anschauen, aber letztendlich entschieden sie sich, es lieber ohne mich anzuschauen.",1.1319778838485468
196,"Wir können Trump nicht Präsident werden lassen, jemanden, der so rassistisch, sexistisch und unglaublich unqualifiziert dafür ist.",1.2433117542500687
197,"„Mehr Menschen nehmen Kredite auf … Während das Leihen gerade leicht zu bewältigen sein mag, könnte eine plötzliche Änderung der Umstände zu Schuldenproblemen führen.“",1.674909566959258
198,"Ihr Grund ist, dass es unzureichenden Schutz für amerikanische Arbeiter bietet, deren Jobs und Lebensstandards es schaden könnte.",1.4286234577249362
199,"Vor diesem Hintergrund ist es sinnvoll, über den Handel zu schimpfen.",1.1568710016847357
200,Theoretisch könnte ein Paar vier Konten bei Tesco eröffnen und 3 % auf 12.000 Pfund verdienen – 360 Pfund.,2.1127066356586632
201,"Kunden der Bank of Scotland erhalten 3 % Zinsen auf Guthaben von 3.000 bis 5.000 Pfund, wenn sie die kostenlose Option Vantage wählen.",1.9724871964346287
202,Damit kann man theoretisch jederzeit auf sein Geld zugreifen.,1.1762313242951097
203,"Dieser Zinssatz von 3 % gilt auch für Inhaber einer Nectar Card, die zwischen 15.001 und 19.999 Pfund über einen Zeitraum von zwei bis drei Jahren leihen möchten.",1.9129584223570566
204,"Schwefel ist ein wichtiger Pflanzennährstoff, der für ein gesundes Wachstum unerlässlich ist, aber die Böden im Vereinigten Königreich sind von Natur aus arm an diesem essenziellen Mineral.",1.4654302664906669
205,Doch im Jahr 2016 verdient das immer mehr Beachtung.,1.5141263680160613
206,"So überraschend das auch scheinen mag, selbst saurer Regen hat eine positive Seite.",1.5538003090394203
207,"Die Welt mag absurd sein und uns wütend machen – aber wenigstens hat jemand die Selbstachtung, dagegen zu protestieren.",1.2804886354220242
208,"Man hört dann genauer hin und wartet auf das nächste Geräusch und ärgert sich noch mehr, wenn es kommt.",1.1692990764002082
209,Der ist wirklich schrecklich.,0.7428721099306325
210,"Man kann sagen, dass Rocco Catalano Retro arbeitet, lebt und atmet.",1.8857522488237561
211,"Ich glaube, darum haben sie sich mit so vielen Mustern und Farben umgeben.",1.2756698038818146
212,"Catalano zog in die Gegend zurück, nachdem er erst in London und danach in Glasgow gelebt hatte, wo er Schmuckdesign an der Glasgow School of Art studierte.",1.8236324849664638
213,"„Ich liebte die tropischen Farben“, sagt er.",1.9886879248091018
214,"„Ich besuche die Degree Shows an der Northampton University, um neue Talente zu entdecken“, sagt er.",2.070264081608766
215,"Aber als ich vorschlage, dass sie Frank dazu bringen soll, für sie zu modeln, lacht sie.",1.464735837110375
216,Selbstverständlich gibt es in der Bürolandschaft viele Kleidungsstücke und wenig Essen.,1.4084500768521138
217,"Wintour selbst erscheint kurz und wird dabei gefilmt, wie sie ihre Sonnenbrille vor dem Interview aufsetzt.",1.619583575626044
218,"Ich habe mich mit Motocross befasst und das Gesicht dieser einen Frau tauchte immer wieder auf – in Fotografien, die aussahen, als kämen sie aus den 1970ern.",1.5205251081789095
219,"Ich liebe es, damit zu spielen, und ich bin immer auf der Suche nach passenden Musen, weil es so interessant ist, eine Kollektion zu entwerfen, wenn ich eine finde.",1.1115398794969589
220,Im besten Fall ist es naiv und im schlimmsten Fall würde die Jagdlobby schon wieder davonkommen.,1.3692578756950413
221,"Jeff Knott, Leiter des Ressorts Naturpolitik, sagte: „Es würde mich sehr wundern, wenn dadurch entweder ein Verbot oder eine Lizenzvergabe eingeführt würden.“",1.8108766144778017
222,"Der Standpunkt der RSPB hat sie auch mit vielen führenden Umweltschützern in Konflikt gebracht, von dem Initiator der Petition, Mark Avery, bis zu dem TV-Moderator Chris Packham.",1.8980192713689537
223,"Nehmen wir mal an, er irrt sich.",1.3587331967290657
224,Und was ist mit Australiens Position?,1.2306149603500738
225,"Dazu wird es in Marokko am mittleren Samstag einen Termin geben, an dem Industrieländer sich gegenseitig öffentlich zu ihren Plänen und Ambitionen befragen können.",1.3416804252725358
226,"„Wir suchen aktiv nach Wegen, die Möglichkeit einer Klage auf diejenigen zu begrenzen, die an einem Projekt tatsächlich ein einklagbares Interesse haben“, wurde er zitiert.",1.6189186719333462
227,"„Kabeljau in der Keltischen See könnte aussterben“, wenn die vorgeschlagenen Begrenzungen nicht umgesetzt würden, sagte ein EU-Beamter.",1.9362832717017122
228,"Doch es wurden auch starke Reduzierungen der Gesamtfangmenge von Kabeljau, Seezunge, Scholle, Flügelbutt und Pollack in der Keltischen und in der Irischen See vorgemerkt.",2.0791830678906464
229,Umweltschützer begrüßten die Mitteilung der Kommission.,1.5430392503681412
230,Nur 50 davon waren Marktplätze.,1.9393777410321453
231,"„Auf Agora konnte man nur über eine Einladung zugreifen, aber viele dieser Marktplätze sind einfach zugänglich, wenn man weiß, wie man danach suchen muss“, fügt Dr. Lee hinzu.",1.6309586426541869
232,"Zu unserer Zeit gab es das nicht, und Menschen ohne Kinder drücken mit ihrer Missbilligung all ihren Hass auf moderne Erziehung aus.",1.5721742538060302
233,Ich nenne es nicht leichtfertig eine Bestie.,1.391468851355279
234,Am dritten Tag war ich wieder auf dem Emicro.,1.8873708146855885
235,"Die Welt – und damit auch das Vereinigte Königreich – steht einem Mangel an Fachkräften mit den Fähigkeiten, die für eine effektive Verteidigung nötig sind, gegenüber.",1.303869425786405
236,"Firmen versuchen, eine Firewall zwischen sensiblen Systemen und fremden Mächten aufzubauen, doch das funktioniert nicht immer.",1.2198584632686291
237,"Aber sie können wenigstens Fallen zur Verwirrung und Abschreckung legen – ein Konzept, das als „aktive Verteidigung“ bekannt ist.",1.406901062353819
238,"Nachdem ich zu dem Thema zahlreiche Diskussionen im Internet entdeckt hatte, wurde meine Liste ungeheuer lang und deckte fast alle Bundesstaaten der USA ab.",1.4530889314587694
239,Ich habe einige entdeckt.,1.1319566772411442
240,"Mein nächster Halt war Bellingham, unmittelbar an der kanadischen Grenze.",1.4305883669440838
241,"Wieder zurück im Zug, fahren wir weiter Richtung Süden.",1.3757021073156346
242,Eine kleine Stadt mit zwei Minaretten gleitet vorbei.,1.7413047923729412
243,An jedem Bahnhof wacht ein Soldat mit roter Mütze über die Plattform und ein Wagenprüfer geht mit einem Hammer am Zug entlang und klopft vorsichtig auf den Rahmen.,1.5807872083956287
244,"Danach den Morgenmarkt (6:30 – 10:00) durchstöbern: Reislutscher, Wespenkokons (die Puppen werden als Delikatesse angesehen), Büffellunge, Rinde und Blätter der Betelnuss, lebende Kröten und Katzenfische.",2.5936788016729535
245,Diese Einmischung Pekings ist möglicherweise die tiefgreifendste seit der Entkolonialisierung Hong Kongs 1997 durch das Vereinigte Königreich.,1.7166907852892677
246,"Der Eid beinhaltet, dass Abgeordnete Hong Kong als Teil der Volksrepublik China ihre Treue schwören.",1.442033196613995
247,"Die Regierung von Hong Kong, die von Pro-Peking-Abgeordneten geleitet wird, hat sich dafür ausgesprochen, dass die beiden ihr Amt nicht antreten sollten.",1.333986826107608
248,"„Peking hält dieses Eingreifen für nötig, um eine fortwährende legislative Paralyse zu verhindern“, sagte er.",2.1307130935736054
249,Hong Kong scheint sich auf eine Protestwelle vorzubereiten.,1.460015967499792
250,"Er erzählte Andrew Marr Show von der BBC: „Parlamentswahlen sind offen gesagt das Letzte, was die Regierung will.“",2.0023521247115763
251,"Es ist sein Traum, seine Laufbahn hier zu beenden.",1.1849598040313722
252,"Wenn ein Spiel, in dem man dominiert hat, mit einem Unentschieden endet, ist das leicht abzutun, aber wenn das dreimal nacheinander passiert, deutet das auf eine Schwäche hin.",1.3807783304422734
253,"Wir sind so enttäuscht, weil wir 6 Punkte bei Heimspielen verloren haben.",1.1958908712947984
254,"Das war auf jeden Fall bei Andy so, als er im April in Monte Carlo gegen Benoît Paire spielte.",1.878637425410721
255,Aber im Moment ist alles aus dem Gleichgewicht und er scheint die ganze Zeit nach Anworten zu suchen.,1.213524078709009
256,"Ich frage mich auch, ob der Davis Cup eine Rolle spielte.",1.5456996384191102
257,"Die jährliche Umfrage hat ebenfalls gezeigt, dass die Sorgen darüber, neue finanzielle Lasten auf sich zu nehmen, in die Höhe geschnellt sind.",1.5103595074778895
258,Frau Hopley fügte hinzu: „Der starke Anstieg des politischen Risikos sollte nicht unbeachtet bleiben.“,1.7465577113519337
259,Die Nachrichten über den Betrug der Firma – der jahrelang vor sich ging – senkten den Wert von VW um mehrere zehn Milliarden Euro und kosteten den Vorstandsvorsitzenden Martin Winterkorn seinen Job.,1.6621775349264105
260,Es hat VW außerdem riesige Schadensersatzforderungen und Klagen eingebracht und zu Rückstellungen von über 16 Milliarden Euro geführt.,1.47052686493283
261,"Die Untersuchung begann im Juni und konzentrierte sich auf Martin Winterkorn und den Vorsitzenden des Markenvorstands Herbert Diess, der bei dem Automobilhersteller bleibt.",1.6727613044365448
262,"Er wurde im Oktober 2015, einen Monat, nachdem der Skandal ans Tageslicht gebracht wurde, zum Vorsitzenden befördert.",1.3073147197008186
263,"Es wurde erwartet, dass die Unternehmen ab Juli, unmittelbar nach der Brexit-Abstimmung, schrumpfen würden; stattdessen konnten sie ein kontinuierliches Wachstum verzeichnen.",1.4691501634332707
264,"Einzel- und Großhandelsunternehmen florierten im Zuge der anhaltend guten Einkaufsstimmung, und Dienstleistungsunternehmen wuchsen ebenfalls.",1.7741302867823918
265,"Er kann jedoch nicht unbegrenzt Geld ausgeben, da die Regierung weiterhin mit einem erheblichen Haushaltsdefizit kämpft.",1.3725535448369952
266,"Die Kosten ändern sich monatlich, und der Preis wird im Winter mit zunehmendem Verbrauch steigen.",1.2634867641233154
267,Der Fixtarif von Eon kostet 760 GBP und Avro-Energy-Kunden zahlen etwa 760 GBP für den Simple- und Select-Tarif.,3.4758428842361315
268,Oder handelt es sich um einen teuren Standard- bzw. Vorauszahlungstarif?,1.8357545865666118
269,"Ein Investor mit einem durchschnittlichen Maß an Glück, der 10.000 GBP in Anleihen angelegt hat, kann mit einem Ertrag von 125 GBP pro Jahr rechnen.",1.7759374009641153
270,"Wenn sie dies täten, wären Prämienanleihen nicht mehr von regulären Sparkonten zu unterscheiden.",1.734452142567661
271,"Das in Prämienanleihen und anderen nationalen Spar- und Anlagekonten angelegte Geld wird verwendet, um Staatsausgaben zu finanzieren.",1.8237701124664387
272,Nichtsdestotrotz investieren die Geldgeber weiterhin scharenweise in die Fonds.,1.774161810419503
273,"Gefolgt wurde es von den Fonds Aviva Investors Multi Strategy Target Return und Aviva Investors Multi Strategy Target Income, in die Investoren 2 Mrd. GBP bzw. 1,4 Mrd. GBP angelegt hatten.",2.860475375549467
274,"Das bedeutet, dass sie von dem durch die Abwertung des britischen Pfunds verursachten Aufschwung bei Vermögenswerten im Ausland keinen Vorteil ziehen konnten.",1.4992013471690844
275,"Adidas hilft, die Weltmeere zu säubern, indem es den in der Welt herumschwimmenden Müll zur Herstellung von Schuhen verwendet.",1.742833528695509
276,Der Kunde kann die Forderung nach Veränderung verstärken.,1.2916031769367708
277,"Einem wichtigen Bericht im Januar zufolge enthalten die Weltmeere im Jahr 2050 mehr Plastikmüll als Fische, wenn die Menschheit keine drastischen Schritte ergreift, damit kein Müll mehr in den Ozeanen landet.",1.4170335360125932
278,Nach mehreren meisterhaften chirurgischen Eingriffen und einer Menge sehr anstrengender Reha-Maßnahmen bin ich vollständig genesen.,1.6395313326153167
279,"Er warnte vor dem „enormen Druck“, der jetzt auf dem NHS laste, und forderte die Öffentlichkeit auf, mehr Verantwortung für die eigene Gesundheit zu übernehmen.",1.496983359632559
280,"Vier von zehn Erwachsenen haben sich aufgrund schlechten Wetters Verletzungen zugezogen, und neun von zehn unterschätzen, wie kalt es in England im Winter werden kann.",1.4293515269699302
281,"Sie spielen am Samstag, dem 10. Juni.",1.4913251155449974
282,"Das letzte Jahr war unglaublich, und ich setze Einiges daran, damit wir uns im Jahr 2017 noch weiter verbessern.",1.3116816057356906
283,Sie begann bei der Royal Shakespeare Company mit der Rolle einer Gefängnisinsassin in „Marat/Sade“.,2.147065490256953
284,Das Kleid ist modern.,1.3616185537574161
285,"Woher kommt ihre ganze Energie? Oder diese Stimme, die mit einer Kraft hervorbrechen kann, dass sie Schockwellen erzeugt?",1.450589618786632
286,"Ihr Hals strebt nach vorn in Konfrontation, die Adern treten hervor, ihre Hände zittern.",1.7064764022592203
287,"Aber nachdem sie Glenda Gelegenheit zu solch einer überragenden Darbietung gegeben hat, wer kann es ihr da verübeln?",1.5391700491690457
288,Er arbeitete jahrzehntelang für Radio und Fernsehen bei den Nachrichten und der aktuellen Berichterstattung.,1.0873150850126585
289,Bei richtiger Umsetzung ist es theoretisch nicht nachweisbar.,1.5999151069935402
290,Lass das Mikro fallen.,1.0883867650796026
291,Nach persönlicher Zählung des Regisseurs hat er bisher acht Spielfilme produziert.,1.5913795963410748
292,"Das Kino hatte sich so drastisch verändert, dass das Familienpublikum sich von Hollywood abgewandt hatte.",1.279110751660608
293,Aus Sicht des Regisseurs ist der Film ein unsicherer Balanceakt zwischen familientauglicher Unterhaltung und hartem Gesellschaftsdrama.,1.6584595929020496
294,"Auf einer Ebene funktioniert der Film als liebenswerter, anspruchsloser Herzensfilm, scheinbar rundum geeignet für den Kinobesuch am Sonntagnachmittag.",1.726370286761387
295,"Und natürlich gibt es noch Bob, eine ständige Quelle der Erheiterung.",1.6083983409635392
296,Das Ergebnis ist wahrlich kein großer Wurf.,1.3318808755174363
297,"Für die Zuschauer von heute, von denen die wenigsten Erfahrung mit Fronteinsätzen haben werden, gehören die Heldentaten von Doss ins Reich des Unvorstellbaren.",1.5469262708320706
298,"Die Geschichte von Doss hat auch etwas Unglaubhaftes an sich, das sie nur umso attraktiver macht.",1.5492544417374843
299,"Das gesamte medizinische Personal war bewaffnet, nur ich nicht.",1.2897102815710642
300,"Als Millican starb, nahmen wir an, wir hätten damit auch unseren etwas störanfälligen Odi zum letzten Mal gesehen.",1.7724386687667277
301,Funktioniert Staffel 2 bisher?,1.8438139840456311
302,"„Superhelden bewegen sich außerhalb der menschlichen Erfahrung, genau wie diese Geschichte, weshalb ich sie wie ein Drama behandelt habe“, sagt Zimmer.",1.5102493523413665
303,Doch die Untaten von Cotton gehen nicht auf eine irgendeine Art Zwang zum Töten zurück.,1.632949761159302
304,Cotton wurde am 31. Oktober 1832 in einem Dorf in der Nähe von Sunderland geboren.,1.3724843736944647
305,"Vielleicht spielt es keine Rolle, da ich das Problem nicht lange haben werde.",0.9061448353784157
306,"Die Samttapete – oder das Auftragen eines Materials auf die Oberfläche – wird nicht mehr mit den 1970ern in Verbindung gebracht, sondern ist wieder absolut im Trend.",1.4630867382063344
307,"Das Wahrzeichen von London, der South Bank Tower, beauftragte die Raumgestalterin Rachel Winham mit der Einrichtung des Musterappartments.",1.945146472998271
308,"Natürlich hängt der taktile Trend eng zusammen mit unserer wachsenden Leidenschaft, Dinge herzustellen.",1.5218962374646638
309,"Zwei Jahre später steht Jutting, mittlerweile 31, vor dem High Court von Hong Kong, angeklagt wegen zweifachen Mordes und der Verhinderung eines rechtmäßigen Begräbnisses.",1.5593550689435889
310,"Ich weiß nicht, warum ich sie ausgesucht habe …",1.1211597896729804
311,"Als Jutting zwei Jahre später vor den High Court in Hongkong tritt, wirkt er sehr gefasst.",1.778773294682746
312,"Schließlich wird unsere unternehmerische Leistung selten danach bemessen, wie sicher wir sind oder wie viele Regeln wir einhalten.",1.354850070571238
313,"Infolgedessen öffnen Leute sehr schnell E-Mails oder klicken gedankenlos auf Links und Anhänge, ohne im Geringsten über die Folgen nachzudenken.",1.5611730482642816
314,"Zuerst müssen wir den Menschen beibringen, wie sie sich selbst online besser schützen.",1.2021228291525639
315,"Zu guter Letzt müssen wir es den Menschen erleichtern, mutmaßliche Verstöße und böswillige E-Mails zu melden.",1.3408706076304426
316,"Wahlen sind, in der Sprache des Terrors, zum neuen weichen Ziel geworden.",1.7445208425178478
317,Dies ist eines der grundlegendsten Probleme nationaler Sicherheit.,1.1387955679780952
318,"Am Dienstag dreht sich alles darum, die Wähler an die Urne zu bringen, aber das nützt alles nichts, wenn ein registrierter Wähler nicht auf der Liste erscheint.",1.2876825373243312
319,"Wenn das häufig genug vorkommt, noch dazu in hart umkämpften Wahlbezirken, führt das zu Chaos am Wahltag.",1.8351472639586317
320,"North Carolina ist der Ort, bei dem sich in dieser Wahl alles entscheidet.",1.3032930808891094
321,"Donald Trump ist ein aufgeblasener, arroganter und selbstgerechter Mensch, der sich um seine Interessen kümmert, und sein Naturell ist Gift für die USA.",1.1772470968638653
322,"Nach zwei Wochen, in denen die vorfristige Stimmabgabe möglich war, haben bereits mehr als 5,7 Millionen Wahlberechtigte gewählt.",1.591601022329433
323,"Der Vorsprung der Republikaner wurde von einer großen Anzahl von Briefwählern gestützt, Anfang der Woche lag deren Gesamtzahl bei 16.500.",1.4110986795131417
324,"Es ist natürlich die Wahl, nicht „Game of Thrones“.",1.7282478583211585
325,"Martin muss noch zwei der ausstehenden Bücher in seiner vielgepriesenen Reihe abschließen, die den Arbeitstitel „The Winds of Winter“ und „A Dream of Spring“ tragen.",2.034288142820787
326,"Die niederländischen Studierenden müssen sich noch entscheiden, ob sie ihr elektrisches Motorrad kaufmännisch verwerten möchten.",1.4517633421036575
327,"Eine Sprecherin von Harley-Davidson sagte, dass die in den Medien kursierenden Termine – 2017 bzw. 2020 – nicht richtig wären.",1.9709399604852147
328,"Die US Stock Futures steigen um mehr als 1 %, ähnlich wie die europäischen Märkte.",1.8466531262196328
329,"Die Investoren verkaufen in großem Maßstab Staatsanleihen, wobei die US-amerikanischen und australischen Anleihen am stärksten betroffen sind.",1.2995050956379834
330,"Ihm wird gutgeschrieben, dass er sich an der Reduzierung des von den chinesischen Kommunalverwaltungen verursachten Schuldenbergs unterstützend beteiligt hat.",1.6569033250066896
331,"Doch wurde das Problem erst publik, nachdem die US-Umweltschutzbehörde die Welt darauf aufmerksam gemacht hatte.",1.2429709005113803
332,"Der unersättliche Appetit der Chinesen auf gebratenes Hühnerfleisch war einer der Hauptgründe, warum die KFC-Muttergesellschaft Yum Brands bei Investoren so beliebt war.",1.7941316108980652
333,"Mit Unterstützung der Amerikanischen Bürgerrechtsvereinigung klagten sie schließlich gegen den Staat, in einem Fall, der am Ende bis zum Obersten Gerichtshof der USA gelangte.",1.1473131437572892
334,"Wie in dem Film klar wird, nahmen die Lovings und insbesondere Richard zögerlich an der Geschichte teil.",1.812637660555674
335,"Zu Beginn des Films sind Richard und Mildred bereits ein Paar; die Phase des Umwerbens, die – wenigstens kurz – interessant gewesen wäre zu verfolgen, wird ignoriert.",1.7880336841720441
336,"Prominente, Fans und selbst CNN-Reporter verkleiden sich an diesem Feiertag als Charaktere aus „Stranger Things“.",1.9743433962125805
337,"Ich hatte nicht viele Episoden gesehen, und dann hörte mein Telefon nicht mehr auf zu blinken.",1.1769637834683782
338,Als einer von Negans (Jeffrey Dean Morgan) wichtigsten Gefolgsleuten genießt er einige Freiheiten.,2.1891369219649395
339,"Norman ist ein guter Kumpel, es war also wirklich schlimm, ihn in diesem emotionalen Zustand zu sehen.",1.1160910572914804
340,An neue Episoden schließt sich die Talkshow „The Talking Dead“ an.,2.3089942924556985
341,"In den Städten, in denen wir bereits vertreten bzw. mit dem Aufbau beschäftigt sind, wird unsere Arbeit fortgesetzt, sagt Barratt.",1.5026786947643407
342,Die Internetbestrebungen wurden als Hauptantriebskraft für Investitionen in die Geschäftseinheit betrachtet.,1.5521067853624864
343,"Im Moment zögern die Analysten, den Service für immer abzuschreiben.",1.4557184574754294
344,In den Niederlanden verfolgen die Behörden einen weniger technologielastigen Ansatz zum Aufspüren von Drohnen.,1.5160543594388716
345,"Microsoft kündigte am Mittwoch ein neues Tool zum Chatten am Arbeitsplatz an, das es mit dem Branchenliebling Slack aufnehmen soll.",1.9902988921478597
346,"Es besteht auch die Möglichkeit, Emojis, GIFs, selbsterstellte Memes und Sticker über die Plattform zu versenden sowie seinen Twitter-Feed einzubinden.",1.6870752533323985
347,"Der Schritt verdeutlicht den Wunsch des Unternehmens, dass die Anwender in seinen Produkten mehr als nur Produktivitätswerkzeuge sehen.",1.3140114556168903
348,Doch die aktuellen Bestrebungen im Bereich Chatten am Arbeitsplatz sind Teil eines größeren Trends bei Technologiefirmen.,1.450298072659814
349,"Auch Isner, der zu absoluter Höchstform auflief, als er im zweiten Satz ausglich und einen Entscheidungssatz erzwang, zollte seine Anerkennung.",1.9625255006179414
350,"„Ich muss Andy gratulieren; die Nummer 1 in der Welt zu werden, ist eine unglaubliche Leistung“, sagte der Amerikaner.",1.607295799942155
351,"„Duo schummelt sich in nordkoreanisches Golfturnier“, heißt es in der Brisbaner Zeitung „Nine News“.",2.5635004180826115
352,"Zwei Australier, die nach eigenem Bekunden schrecklich schlechte Golfspieler sind, haben sich in ein Premium-Golfturnier in Nordkorea geschummelt.",1.756303039386864
353,"Snowman sprang über den hohen Zaun, der die beiden Grundstücke trennte, und kehrte immer dorthin zurück, wo er sich zu Hause fühlte.",1.3524789876970915
354,"Er tauchte wieder und wieder in meinem Stall auf, und ich meinte scherzhaft zu dem Nachbarn, dass er offensichtlich nicht verkauft werden wollte.",1.2793303291686888
355,"„Snowman fand es ganz normal, als Johnny Carson eine Stufenleiter holte und sich rückwärts auf ihn setzte“, fügte er hinzu.",2.0310515933569833
356,Ich war nur ein Junge mit dreckigen Schuhen.,1.1351022561856028
357,"Es gibt keine Parade, und es hat auch nie eine gegeben.",1.185671459485162
358,"Mexiko hofft, dass sich die Veranstaltung letztlich mit dem Karneval in Rio messen kann.",1.4758479176087769
359,"Alejandra González Anaya, eine der kreativen Leiterinnen der Parade, erläuterte gegenüber CNN, warum die Mexikaner den Zeitpunkt für diese Art von Veranstaltung gekommen sahen.",1.743712584884537
360,"González Anaya sagt, dass allein für die Parade 1200 Freiwillige tätig sind.",2.057823758920647
361,"Deshalb ist es wundervoll, dies bewahren zu können, in eine neue Form zu gießen und eine neue Tradition für die Mexikaner zu schaffen.",1.17140593160967
362,Meines Erachtens erhofft sich die Regierung durch den Ausbau der Maglev-Strecke eine verstärkte wirtschaftliche Entwicklung in Japan.,1.678056107213647
363,"Ein F1-Ticket sichert den Einlass zum Konzert, das am selben Tag stattfindet.",1.6042753233478761
364,Auf der Yas-Marina-Circuit-Website sind die Zeiten exakt angegeben.,2.2401233326038703
365,"Für alle, die die Hauptstadt in ihrer ganzen Pracht sehen wollen, ist November eine großartige Zeit, sie zu besuchen.",1.2389520569640082
366,"Dadurch wurde auch die Entstehung moderner Hochhäuser vorangetrieben, zum Beispiel des MahaNakhon, des höchsten Gebäudes von Bangkok.",1.735309974788796
367,Nicht alle Veränderungen in der Region waren erfolgreich.,0.9562832077253469
368,Mit einer Tiefe von 100 Metern (328 Fuß) unter der Erdoberfläche ist die U-Bahn von Pjöngjang eines der am tiefsten angelegten Nahverkehrssysteme weltweit.,1.5575924824024276
369,Sie sprach mit CNN Style über ihre Erfahrungen.,1.659763316914402
370,"In Pjöngjang habe ich ein paar Leute mit Smartphones gesehen, doch es waren deutlich weniger.",1.2232932891476416
371,Doch Architektur kann eine Verbindung zwischen den Lebenden und den Toten schaffen und bis zu einem bestimmten Grad die Grenzen verwischen.,1.054793799041252
372,"Wenn Menschen in Indien in hohem Alter sterben, ist das Anlass für ein Fest.",1.4822604643746145
373,"Das preisgekrönte, von Juan Carlos Salas entworfene Gebäude hat ein skulpturales Aussehen, und jedes Detail trägt Bedeutung.",1.8923122808664257
374,"Für die Toten ist Architektur keine Hilfe mehr, doch sie kann bei den Lebenden die Erinnerung an die Verstorbenen aufrecht erhalten, sagt er.",1.2759396477927705
375,"Die Gründungsurkunde ermöglichte die Schaffung einer Händlerinnung, die von den Bürgern der Stadt geführt wurde, um Steuern von durch die Gemeinde reisenden Menschen zu erheben.",1.4055194887288192
376,"Es ist außergewöhnlich reich an Mineralien, denn es enthält umfangreiche Vorkommen von Gold, Diamanten und Marganzerzen, Bleierzen, Zinkerzen, Nickelerzen, Kobalterzen und Molybdänerzen.",2.3547846211319667
377,"Außerhalb des äußeren Nordwestens dominiert die Taiga, die einen erheblichen Anteil von Sibirien bedeckt.",1.6382260411351903
378,Die Winteruniversiade 2019 wird von Krasnojarsk ausgerichtet.,2.1953060976521774
379,Beispiele sind die Line-Inseln im Pazifik und die Malediven im Indischen Ozean.,1.5454472817025
380,Zu Granitinseln zählen die Seychellen und Pulau Tioman und vulkanische Inseln wie St. Helena.,2.459685487106908
381,Ein Beispiel einer Wüsteninsel wären die kleinen Inseln vor der Küste der Baja California (Mexiko).,1.7159254001005877
382,"Im 5. Jahrhundert v. Chr. unterhielt der griechische Stadtstaat Athen, der von Getreideimporten aus Scythia abhängig war, entscheidende Bündnisse mit Städten, die die Meerengen kontrollierten, beispielsweise die megarische Kolonie Byzantion.",1.9133651709382047
383,"Darius' hoch angesehener Feldherr Megabazos war dafür verantwortlich, die Eroberungen im Balkan durchzuführen.",1.782040650963652
384,"Die achämenidischen Truppen eroberten Thrakien, die griechischen Küstenstädte und Paionien.",2.3622212467111825
385,Schließlich akzeptierte der mazedonische König Amyntas I. um 512 - 511 v. Chr. die achämenidische Vorherrschaft und übergab sein Land als Vasallenstaat an das achämenidische Persien.,2.5907869305561975
386,Die multiethnische achämenidische Armee besaß viele Soldante aus dem Balkan.,2.7350012104887136
387,Zudem heirateten viele Mitglieder der mazedonischen und der persischen Oberschicht untereinander.,1.5532053477582621
388,Im Jahr 1912 wurde die erste Filmgesellschaft (Athina Film) gegründet und im Jahr 1916 die Asty Film.,2.0429800705768986
389,2007 war El Greco unter der Regie von Yannis Smaragdis der erfoglreichste Film.,3.0039390205070267
390,"Im Juli 1918 wurde der franco-monegassische Vertrag unterschrieben, der Monaco begrenzt Schutz vor Frankreich bot.",2.1779093112657493
391,"Die Exekutive besteht aus einem Staatsminister als Regierungschef, der einem fünfköpfigen Regierungsrat vorsteht.",1.4533159101574253
392,"Seine Polizei umfasst eine Sondereinheit, die Streifen- und Überwachungsboote betreibt.",1.3506151975125864
393,Zu aktuellen Landgewinnungsprojekten zählt die Erweiterung des Bezirks Fontvieille.,2.153403805722598
394,Dennoch gibt es wichtige Unterschiede in Gesetz und Handhabung zwischen Nordirland and England und Wales.,1.6013074656462958
395,Die Bergeron-Klassifizierung ist die am weitesten verbreitete Form der Luftmasseklassifizierung.,1.670251592276077
396,"Während Luftmasseidentifikation in den 1950er Jahren ursprünglich noch für Wettervorhersagen genutzt wurde, begannen Klimatologen im Jahr 1973 auf dieser Idee basierende synoptische Klimatologien zu begründen.",1.7309091298972976
397,"Ein Monsun ist ein saisonbedingt vorherrschender Wind, der einige Monate andauert und die Regenzeit in einem Gebiet einleitet.",1.6333153260511408
398,"Eine Vielzahl an germanischen und hauptsächlich slawischen Stämmen durchquerte Mähren während der Völkerwanderungszeit, bevor die Slawen im 6. Jahrhundert n. Chr. dort ansässig wurden.",1.937554271458408
399,"Ende des 8. Jahrhunderts entstand das Mährische Fürstentum im heutigen südöstlichen Mähren, Záhorie in der südwestlichen Slowakei sowie in Teilen Niederösterreichs.",2.0932465155317947
400,Daraus wurde im Jahr 833 n. Chr. durch die Eroberung des Fürstentums Nitra (heutige Slowakei) der Staat Großmähren.,2.374049804623344
401,Ihr erster König war Mojmír I. (herrschte 830 - 846).,3.543998331187656
402,"Ludwig der Deutsche marschierte in Mähren ein und tauschte Mojmír I. gegen dessen Neffen Rastiz aus, der zum Heiligen Rastislav wurde.",2.400819157393959
403,Zusätzlich bestimmt das Gesetz die Wahl der Kreisversammlungen und der großstädtischen Bezirke.,1.710689863318283
404,"Obwohl Island bis zu einem sehr viel späteren Zeitpunkt (1918) unter der politischen Kontrolle Dänemarks stand, sind sehr wenige Einwirkungen und Entlehnungen des Dänischen in der isländischen Sprache zu finden.",1.613999907309638
405,"Es gibt auch Sprachen, die dem Finnischen entstammen und sich gesondert entwickelt haben, bekannt als Meänkili in Schweden und Kven in Norwegen.",1.9225948183626749
406,"Der Stufenwechsel ist ein Merkmal der finnischen und nordsamischen Dialekte, der jedoch nicht in der Südsamischen Sprache zu finden, die eine andere Sprachgeschichte aufweist.",1.716005545504917
407,Der nördliche Abschnitt des Kaukasus wird Ciskaukasien und der südliche Abschnitt wird Transkaukasien genannt.,2.076323454414071
408,"Die Atmosphäre ist ein chaotisches System, sodass kleine Änderungen an einem Teil des Systems beträchtliche Auswirkungen auf das System als Ganzes haben können.",1.0942117549251802
409,In Zeiten von Regenausfällen absorbieren und lösen die Wassertröpfchen Kohlenstoffdioxid aus der Umgebungsluft aus.,1.6802175940752322
410,Ein aktuelles Beispiel für Wetterkontrolle war Chinas Vorbereitung auf die Olympischen Sommerspiele 2008.,1.2198412715552627
411,"Geformt von globalen plattentektonischen Kräften, die den Ostafrikanischen Graben geschaffen haben, beherbergt Ostafrika den Kilimandscharo und den Mount Kenya, die zwei höchsten Gipfel Afrikas.",1.9574604904145334
412,"Letzterer verbreitete den Islam im küstennahen Gürtel, doch die meisten Bantu kamen nie in Kontakt mit dem Islam und blieben Anhänger der traditionellen afrikanischen Religion.",1.7630634473681626
413,"Frankreich integrierte die Wirtschaft Kameruns in die Frankreichs und verbesserte die Infrastruktur mit Kapitalanlagen und ausgebildeten Arbeitern, wodurch das System der Zwangsarbeit modifiziert wurde.",1.3057456851121367
414,"Am 1. Oktober 1961 schloss sich das ehemals britische Südkamerun mit Französisch-Kamerun zusammen, um die Bundesrepublik Kamerun zu bilden.",1.793638235538451
415,"Der Bericht über die schlimmsten Formen der Kinderarbeit des Arbeitsministeriums ergab, dass 56 % der Kinder zwischen 5 und 14 Jahren Kinderarbeit leisteten und dass fast 53 % der Kinder zwischen 7 und 14 Jahren Arbeit und Schule kombinieren.",1.305515356421688
416,"Das Klima der Sahel-Zone ist dem Klima der nördlich davon gelegenen Sahara-Wüste ähnlich, es ist jedoch nicht so extrem.",1.9464328673346931
417,Von Juni bis August 2010 war die Sahel-Zone von einer Hungersnot betroffen.,2.0232076470925637
418,Verschiedene antike Zivilisationen hatten sich rund um die Mittelmeerküsten angesiedelt und waren stark von ihrer Nähe zum Meer geprägt.,1.553703407846439
419,"Sie bot im Laufe der Jahre vielen Siedlungen Routen für Handel, Kolonialisierung und Krieg sowie für Lebensmittel (durch das Fischen und Sammeln anderer Meerestiere).",1.6750840326321317
420,"Aufgrund des gemeinsamen Klimas, der gemeinsamen Geologie und des gemeinsamen Zugang zum Meer hatten die Kulturen im Zentrum des Mittelmeeres eine bis zu einem gewissen Grad verflochtene Kultur und Geschichte.",1.3559441084099895
421,"Zwei der namenhaftesten Mittelmeerzivilisationen in der klassischen Antike waren die griechischen Staaten und die Phönizier, von denen beide flächendeckend die Küstenlinien des Mittelmeeres besiedelten.",1.6820839929794433
422,"Später, als Augustus das Römische Reich gegründet hatte, bezeichneten die Römer das Mittelmeer als Mare Nostrum („Unser Meer“).",1.8567988435503153
423,"Die Blindleia ist ein schäreneschützter Wasserweg, der in der Nähe von Kristiansand in Norwegen beginnt und an Lillesand vorbeifließt.",2.0779630986438313
424,Im Dänischen kann das Wort sogar für seichte Lagunen verwendet werden.,1.6805402463468337
425,Genau wie Fjorde sind Süßwasserseen oft tief.,2.3144673627150882
426,"Es wurden alkoholische Getränke wie Bier, Met, Bjorr (ein starker Fruchtwein) und für die Reichen importierter Wein serviert.",2.1048307782953977
427,"Was auch immer die Regeln waren, die Kämpfe endeten häufig mit dem Tod eines der Hengste.",1.4371399007818493
428,"Die Schlei und die Sumpfgebiete zwischen dem Danewerk und Husum waren in einem harten Winter bis zum Grund gefroren, und das Gebiet unmittelbar südlich vom Danewerk war von der anrückenden deutschen Armee erobert worden.",1.7797340071424506
429,"Dieser Rückzug kam für die österreichisch-preußische Armee überraschend und es gelang fast allen in der dänischen Armee, die Evakuierung durchzuführen.",1.6723859394943814
430,"Das führte jedoch dazu, dass wichtige Teile schwerer Atillerie zurückgelassen wurden, und es bleibt bis heute Gegenstand historischer Debatten, warum die Eisenbahnstrecke nach Flensburg nicht richtig für die Evakuierung genutzt wurde.",1.5617984301005572
431,"Die Nachricht des Rückzugs war ein großer Schock für die öffentliche Meinung Dänemarks, die das Danewerk für uneinnehmbar gehalten hatten und General de Meza wurde umgehend das Kommando entzogen.",1.640222876382722
432,Seitdem ist das Danewerk in deutschem Besitz.,2.084603637313793
433,Die Menge der auf der Donau transportierten Waren stieg im Jahr 1987 auf ungefähr 100 Millionen Tonnen an.,1.5590208350172452
434,"Der größere Teil des Donaudeltas liegt in Rumänien (Kreis Tulcea), während sein nördlicher Teil, am linken Ufer des Kilijaarm, in der Ukraine ist (Odessaer Gebiet).",2.497774140286941
435,"Das Klima ist so trocken, dass diese Ebenen manchmal für Teile der Sahara gehalten werden.",1.336459477107357
436,"Es unterscheidet sich vom westlichen Teil des Landes insofern, dass seine bedeutenden topographischen Besonderheiten nicht parallel zur Küste verlaufen.",1.4311968963691317
437,"Nordalgerien liegt in der gemäßigten Klimazone und erfreut sich eines milden, mediterranen Klimas.",2.3999840016787246
438,"Zunächst mal war da der Ohio River, der in den Mississippi floss.",1.6773002897561793
439,"Im Fokus des Konflikts stand die Frage, ob Kansas sich den Nordstaaten als freier oder als Sklavenstaat anschließen würde.",1.459673529063768
440,"Nationale Reaktionen auf die Ereignisse in Kansas zeigten, wie tief gespalten das Land war.",1.4110907529987178
441,"In ihren Farben weisen die Blätter eine große Vielfalt an Grüntönen auf, die von gelblich zu bläulich reichen.",2.07055224197994
442,Amerikanische Ureinwohner in ganz Amerika vertrauten darauf als Basis ihrer medizinischen Behandlungen.,1.250751128478898
443,Christliche Kirchen in Nordwesteuropa und der Ukraine verwendeten häufig Weidenzweige anstatt Palmen für die Zeremonien am Palmsonntag.,1.9423411376378812
444,"Die Alpen versorgen das europäische Flachland mit Trinkwasser, Bewässerung und Wasserkraft.",1.447827759158406
445,"Obwohl der Bereich nur etwa 11 Prozent der Oberfläche Europas ausmacht, wird das Tiefland Europas von bis zu 90 Prozent des Wassers der Alpen versorgt, besonders in den dürren Gebieten und während der Sommermonate.",1.3655245030986864
446,Städte wie Mailand sind abhängig von 80 Prozent des Wassers aus dem Alpenabfluss.,1.719565876352053
447,"Wasser aus den Flüssen wird in über 500 Wasserkraftwerken genutzt, wobei 2900 Kilowatt Elekrizität generiert werden.",1.9458152226800691
448,"Die größten europäischen Flüsse fließen von der Schweiz aus, wie der Rhein, die Rhone, der Inn, der Tessin und der Po, die alle in den Alpen entspringen und in die umgebenden Länder fließen, und schließlich in die Nordsee, das Mittelmeer, die Adria und das Schwarze Meer münden.",1.6376558804802759
449,Die Lehre der Vulkane heißt Vulkanologie (manchmal „Vulkanologie“ geschrieben).,2.287064337766362
450,"Das Magma ist aufgrund seines hohen Anteils an Siziliumdioxid normalerweise sehr zähflüssig, sodass es die Oberfläche häufig nicht erreicht und stattdessen in der Tiefe abkühlt.",1.6370099246324057
451,In der Regel haben die Explosionen keine katastrophalen Ausmaße.,1.1937223785669335
452,Die globale Erwärmung hat die Regelmäßigkeiten in den Regenperioden verändert.,1.4382680134240462
453,"Darin befindet sich eine winzige Lagune, die beinahe ausgetrocknet ist.",1.2709241563820566
454,Sie wurde im Jahr 1975 zum geschützten Lebensraum für Tiere erklärt.,1.4115453812986674
455,Die Erforschung der Insel und und Expeditionen dorthin werden fortgesetzt.,1.358249439745357
456,"Diese Besiedlungen begannen vermutlich um 1000 v. Chr., als Ostmelanesier Richtung Norden reisten.",1.9004619225423045
457,"Während der Jahre, die die Familie in Kentucky und Indiana verbrachte, arbeitete Thomas Lincoln als Landwirt, Tischler und Zimmermann.",1.614100240749711
458,"Die Zerstörung von Lebensraum erhöht die Anfälligkeit eines Gebietes für Naturkatasrophen wie Überschwemmungen und Dürren, Ernteausfälle, Verbreitung von Krankheiten und Wasserverunreinigung erheblich.",1.6129533337997661
459,"Andererseits wird ein gesundes Ökosystem mit guten Managementpraktiken die Wahrscheinlichkeit, dass diese Ereignisse auftreten, verringern oder zumindest nachteilige Auswirkungen mildern.",1.364692451222908
460,Agrarland kann durchaus unter der Zerstörung der umgebenden Landschaft leiden.,1.490658832587313
461,"Aufgrund der Zerstörung von umliegenden Lebensräumen wurde in den letzen 50 Jahren durch Erosion, Versalzung, Nährstoffentzug, Verschmutzung und Urbanisierung das Agrarland weltweit um 40 % dezimiert.",1.7281873420101914
462,Menschen verlieren zudem durch die Zerstörung die direkte Nutzungsmögichkeiten natürlicher Lebensräume.,1.921651829510374
463,"Papua-Neuguinea wird häufig als der möglicherweise schlimmste Ort der Welt bezeichnet, was Gewalt gegen Frauen betrifft.",1.377852903585581
464,Diese Pflanzenfamilien sind noch in Papua-Neuguinea zu finden.,1.698582501471599
465,Nordamerika und Südamerika werden im Sieben-Kontinente-Modell als eigenständige Kontinente betrachtet.,1.6062014155211068
466,"Christopher Columbus segelte im Jahr 1492 über den Atlantischen Ozean zu den Westindischen Inseln, womit er eine Ära europäischer Forschungsexpeditionen begründete.",1.570000860871597
467,Diese sind bedingt durch die oft abgelegenen und straßenlosen Standorte nicht sehr beliebt.,1.7316890327604604
468,"Verschiedene Privatanleger besitzen das übrige Land, das ungefähr ein Prozent des gesamten Staates ausmachen.",1.4911489848414654
469,"Diese ist auch die einzige Region in Alaska, in der die durchschnittliche Tageshöchsttemperatur während der Wintermonate über dem Gefrierpunkt liegt.",1.3906754461739979
470,"Viele einheimische Menschen bewohnten Alaska für tausende von Jahren, bevor die Europäer in dem Gebiet ankamen.",1.4319001578110668
471,"An diesem Ort stahlen sie ein kleines Kanu, das die in der Gegend ansässigen australischen Aborigines zurückgelassen hatten.",1.5974870604760585
472,"Mit dem Wachstum von Brisbane verschlechterte sich der Zustand des Flusses, bis er in seiner schlimmsten Zeit nicht mehr als ein öffentlicher Abwasserkanal und eine Müllhalde war.",1.306192514665221
473,"1987 wurde von der damaligen Oberbürgermeisterin von Brisbane, Sallyanne Atkinson, zum „Jahr des Flusses“ ernannt.",2.2365652193417422
474,"Sand- und Staubstürme zählen zu den Naturereignissen, die in Trockengebieten auftreten, in denen das Land nicht von einer Vegetationsbedeckung geschützt ist.",1.6420804302158916
475,"Staubstürme beginnen eher an den Wüstengrenzen als in der Wüste selbst, wo die feineren Materialen bereits weggeweht sind.",1.8316283587581321
476,"Wenn ein stetiger Wind zu wehen beginnt, beginnen Feinpartikel auf ungeschütztem Boden zu vibrieren.",1.6429559322405836
477,Bei höherer Windgeschwindigkeit werden einige Partikel in den Luftstrom gehoben.,1.5156149969241908
478,"Wenn sie landen, stoßen sie auf andere Partikel, die dann ihrerseits in die Luft gewirbelt werden und so eine Kettenreaktion in Gang setzen.",1.4474410544670133
479,Dennoch führte die Urbanisierung in Thailand ebenfalls zu massiven Problemen wie Übergewicht.,1.6388004147908821
480,"Gewitterstürme sind selten, die Stadt berichtet nur an sieben Tagen pro Jahr von Gewittern.",1.7859735610820275
481,"Im Jahr 1340 hatte Kairo eine Population von fast einer halben Million, was es zur größten Stadt westlich von China machte.",1.5668022855838624
482,Inzwischen förderten zusätzliche Kontrollen des Nils Entwicklungen auf der Insel Gezira und entlang des Hafengebiets der Stadt.,1.675351914284045
483,"Zu Nevadas umsatzstärksten Branchen zählen Tourismus, Bergbau, Maschinenanlagen, Druck- und Verlagswesen, Lebensmittelverarbeitung und Anlagenelektrik.",2.0960425801899696
484,"Die Bezeichnung „Karibik“ leitet sich von den Kahlina ab, einer der zur Zeit des europäschen Kontakts während des späten 15. Jahrhunderts vorherrschenden uramerikanischen Gruppen in der Region.",1.7407940060856002
485,Nach der Entdeckung Amerikas durch Christopher Columbus im Jahr 1492 bezog sich die spanische Bezeichnung Antillas auf das Land; darauf basierend enwickelte sich „Antillenmeer“ zu einer weit verbreiteten Alternativbezeichnung für „Karibisches Meer“ in verschiedenen europäischen Sprachen.,1.760460123398472
486,Während des ersten Jahrhunderts der Entwicklung blieb die Spanische Vorherrschaft in der Region unangefochten.,1.2950083978752875
487,"Ab dem 16. Jahrhundert bezeichneten Europäer, die die Karibik besuchten, sie als die „Südsee“ (den Pazifischen Ozean südlich des Isthmus von Panama), im Gegensatz zur „Nordsee“ (das Karibische Meer nördlich desselben Isthmus).",2.0050748269421605
488,"Das Karibische Meer war den Bevölkerungen Eurasiens unbekannt gewesen, bis 1492 als Christopher Columbus auf der Suche nach einer Seeroute nach Asien als erster in karibische Gewässer stach.",1.8526794350425961
489,Leider haben rasantes Bevölkerungswachstum und Zersiedelung zu einer negativen Entwicklung dieser Ökosysteme geführt.,1.3234669069279437
490,"Kapstadts Regionalregierung ist die Stadt Kapstadt, die eine Metropolgemeinde ist.",1.8833974796477975
491,"Der Artikel, veröffentlicht unter dem Namen „Unterwasserwelt“, war eine lebhafte Erzählung einer Reise über den Meeresboden.",1.5033923563621943
492,"Sie profitierte ebenfalls von ihren persönlichen Beziehungen zu vielen Regierungswissenschaftlern, die ihr vertrauliche Informationen lieferten.",1.044327804858754
493,"Bis zur Mitte des Jahres 1962 hatten Brooks und Carson die Textaufbereitung größtenteils abgeschlossen und schafften die Basis für die Verbreitung des Buchs, indem sie das Manuskript für abschließende Vorschläge an ausgewählte Personen schickten.",1.4109170766114507
494,Dies machte die Chemieindustrie und ihre Lobbyisten sowie die breite Masse der amerikanischen Bevölkerung auf das Buch aufmerksam.,1.467036523356336
495,"In den 1350ern bekam König Gongmin schließlich die Möglichkeit, die Goryeo-Regierung zu reformieren, als die Yuan-Dynastie zu zerfallen begann.",1.6454080809853258
496,"Seit den 1960ern ist die südkoreanische Wirtschaft stark angewachsen, und die Wirtschaftsstruktur hat sich radikal verändert.",1.1261442029795745
497,"Normalerweise gehört eine einfache Infrastruktur dazu, etwa rustikale Picknickbereiche, Bänke und Wanderwege.",1.8019756722150264
498,"Der australische Royal-Nationalpark, der 1879 gegründet wurde, war der weltweit zweite offiziell gegründete Nationalpark.",1.431269343630664
499,"Oberste Priorität hatte die Bereitstellung von Freiflächen für die Stadtbevölkerung und die Anwohner in einer Region, die schnell errichtet worden war.",1.313575040676305
500,Mit dem Fall der Qing-Dynastie im Jahr 1911 erklärte die Mongolei unter dem Bogd Khan seine Unabhängigkeit.,1.8010085947911167
501,Doch die neugegründete Republik China betrachtete die Mongolei als Teil ihres eigenen Territoriums.,1.4297056881080648
502,"Yuan Shikai, Präsident der Republik China, sah die neue Republik als Nachfolger der Qing-Dynastie.",1.7445765108546532
503,"Bogd Khan sagte, dass sowohl die Mongolei als auch China während der Qing-Dynastie von den Mandschu verwaltet worden waren, und dass der Vertrag über die mongolische Unterwerfung unter die Mandschu nach dem Fall der Qing-Dynastie 1911 ungültig geworden sei.",1.7435194167938664
504,Das vom Bogd Khan kontrollierte Gebiet war ungefähr so groß wie das der ehemaligen Äußeren Mongolei während der Qing-Periode.,1.8771316922734524
505,"In seiner Eile, Kadesh einzunehmen, unterlief Ramses II. ein grober taktischer Fehler.",2.0715968470030557
506,"Tatsächlich lobte der erste wissenschaftliche Bericht von Henry Breasted zum Kampf im Jahr 1903 die Quellen, die die sichere Rekonstruktion des Kampfes erlaubten.",1.5030019251974391
507,"Ramses, der logistisch nicht in der Lage dazu war, eine längere Belagerung aufrechtzuerhalten, kehrte nach Ägypten zurück.",1.3969506781430912
508,"So fand sich der ägyptische Pharao im Norden Amurrus wieder, ein gutes Stück hinter Kadesh, in Tunip, wo seit der Zeit von Thutmosis III. fast 120 Jahre zuvor kein ägyptischer Soldat mehr gewesen war.",1.9612117813851246
509,"Dieses Mal beanspruchte er für sich, den Kampf gekämpft zu haben, obwohl er seine Rüstung erst zwei Stunden nach Beginn des Kampfes angelegt hatte.",1.3321592126096233
510,Das genaue Jahr der Heirat zwischen Herodes Antipas und Herodias ist unter Wissenschaftlern umstritten.,1.7144111189177182
511,"Angesichts der Tatsache, dass Herodes zu dieser Zeit in Jerusalem war, entschied sich Pilatus dazu, Jesus zu Herodes zu schicken, um ihn vor Gericht zu stellen.",1.1390278883967955
512,"Nach dem Neuen Testament verbrachte Paul achtzehn Monate in Korinth, ungefähr siebzehn Jahre nach seiner Konvertierung.",1.6073521904593038
513,"Das letztere Datum kann nur auf einen Freitag gefallen sein, wenn in jenem Jahr ein Ausnahme-Schaltmonat eingeführt worden war, doch Newton bevorzugte dies.",1.7251424129896475
514,"Es ist möglich, die Phase des Mondes an einem bestimmten Tag vor zweitausend Jahren zu ermitteln, aber nicht, ob er von Wolken oder Nebel verdeckt war.",1.2256522976836455
515,"Auch in den älteren Teilen Neufrankreichs, die noch nicht besiedelt worden waren, wurden Festungen errichtet.",1.5229473841522003
516,"Er legte die Grundlage für die Integration, wobei ökonomische und juristische Mechanismen des Staates im gesamten Mittelmeerraum Anwendung fanden, ähnlich wie einst Mechanismen aus Latium auf ganz Italien angewandt wurden.",1.5878494394094385
517,Jedes Gedicht erzählt nur von einem Teil des Krieges.,1.353933198260475
518,"In späteren Jahren schufen Dramatiker, Historiker und andere Intelektuelle Werke, die vom Trojanischen Krieg inspiriert waren.",1.6027189682101772
519,"Es wurde vorhergesagt, dass er entweder in hohem Alter nach einem erignislosen Leben dahinscheiden oder jung im Kampf sterben und Unsterblichkeit durch die Poesie erlangen würde.",1.5447165407011032
520,"Doch das wendete sich, als Julian im Jahr 363 im Kapf getötet wurde.",1.9321897147173364
521,"Es wird vermutet, dass die letzten Olympischen Spiele im Jahr 393 abgehalten wurden.",1.1843626855089526
522,Shen Kuo konnte Wang Anshi schon bald mit seinen Fähigkeiten und seinem Geschick als Verwalter und Regierungsbeamter beeindrucken.,1.74023785414149
523,"Im Jahr 1072 wurde Shen losgeschickt, um Wangs Programm zur Überwachung von Schlickablagerungen im Bian Kanal außerhalb der Haupstadt zu überwachen.",1.8745689492305229
524,"Unter Verwendung einer speziellen Technik baggerte Shen den Kanal erfolgreich aus und demonstrierte den enormen Wert von Schlick, der als Düngemittel gesammelt wurde.",1.6157400555231933
525,"Er konnte seinen guten Ruf am Hof weiter ausbauen, als er im Sommer 1075 als Gesandter zur Khitan-Liao-Dynastie geschickt wurde.",1.8742182580126945
526,"Die Khitans hatten einige aggressive Verhandlungen geführt, um ihre Grenzen weiter nach Süden zu verschieben, wobei sie mehrere inkompetente chinesische Botschafter manipulierten, die den Forderungen des Liao-Königreiches nachgaben.",1.3666435061381013
527,"Es wurde auch Medizin studiert, besonders in Süditalien, wo die islamische Medizin die Schule in Salerno beeinflusste.",1.5510832413580442
528,"Berichten zufolge bereute Tiberius seine Abreise und bat mehrfach um Erlaubnis, nach Rom zurückzukehren, doch Augustus verweigerte ihm jedes Mal seine Bitte.",1.39051509273517
529,"Es schien so, als würde er sich wünschen, dass der Senat und der Staat einfach ohne ihn handelten, und seine direkten Anweisungen waren eher vage, was die Debatte darüber, was er eigentlich wollte, außer Gesetzgebungen zu verabschieden, weiter anheizte.",1.3718816724734484
530,"Die Götter stellten unverwechselbar eindeutig die praktischen Anforderungen des täglichen Lebens dar, und ihnen wurden gewissenhaft die Riten und Gaben gewährt, die man als angemessen ansah.",1.3905566790741475
531,Dies geschah mit dem Schiff aus Kontinentaleuropa.,2.1748667366203884
532,"Zu den kultischen Überresten, die an der Ausgrabungsstätte entdeckt wurden, zählten eine Reihe von zehn riesigen aufrecht stehenden Steinen, Massebe genannt, die in Nord-Süd-Richtung ausgerichtet waren - der höchste von ihnen drei Meter hoch - und in deren Mitte eine altarartige Struktur und ein großes quadratisches Steinbecken.",1.7101653946813782
533,"Über den genauen Zweick dieser Megalithen wird noch diskutiert, aber sie könnten eine kanaanäische „Kulthöhe“ der Mittelbronzezeit, ca. 1600 v. Chr., dargestellt haben.",2.208181499194883
534,"Die kanaanäische Stadt wurde in einem Brand zerstört, vermutlich als Folge eines Feldzuges des ägyptischen Pharaos Thutmosis III.",1.666049064215559
535,Die älteste bekannte geschichtliche Erwähnung der Stadt findet sich auf Inschriften von eroberten Stätten in Thutmosis' Karnak-Tempel.,1.8647519247712727
536,"Die Armana-Briefe, die vom 14. Jahrhundert v. Chr. datieren, enthalten zehn Briefe der Könige von Gezer, die dem ägyptischen Pharaoh ihre Loyalität schwören.",1.8290532729602935
537,"Thailändische Geburtsurkunden enthalten das Datum, den Monat und die Uhrzeit der Geburt, gefolgt vom Wochentag, dem Datum im Mondkalender und dem zugehörigen Namen des Tierkreiszeichens.",1.6492089083805452
538,"Ihr Tierkreiszeichen ist der Affe, und ihr traditionell begangenes 60. Jubiläumsjahr war 1992.",2.1053756052819823
539,"Thailändische Glücksfarben des Tages werden in der Übersicht der Wochentage anegeben, darunter folgt ein Vereweis zu den Buddha-Abbildungen für jeden Tag der Woche.",1.845269748112478
540,"Das chinesische Neujahrsfest und andere Feste der Thai-Chinesen sind in Bezug auf beides beweglich, weil sie nach dem chinesischen Kalender berechnet werden.",1.5492759452492726
541,"Außerdem hat er den Schutz an der Grenze zwischen Ägypten und Asien gestärkt, indem er die Mauern des Herrschers in der östlichen Delta-Region errichtete.",1.403839005046611
542,"Er regierte nur 15 Jahre, dies ist duch die unvollständige Bauweise vieler seiner Bauwerke belegt.",2.045118509738423
543,Dennoch hielten beide anscheinend zumindest Teile von Unter-Ägypten.,1.864356034298485
544,"Am 9. September 2002 wurde Aldrin unter dem Vorwand, für eine Sendung im japanischen Kinderfernsehen zum Thema Weltraum interviewt zu werden, in ein Hotel in Beverly Hills gelockt.",1.5977704977474847
545,Aldrin war dreimal verheiratet.,1.4902723214236508
546,"1519 wurde er Herrscher des Habsburgerreiches, und 1530 wurde er zum Kaiser des Heiligen Römischen Reiches gekrönt.",1.784688482260869
547,"Trotz seiner drastischen Aktivitäten wurde Karl als Herrscher angesehen, der Einfühlungsvermögen für die Bedürfnisse der Niederlande zeigte.",1.2662698521200273
548,"1566 präsentierte ein Bündnis von ca. 400 Mitgliedern des Adels der Statthalterin Margarete von Parma eine Petition, nach der die Verfolgung ausgesetzt werden sollte, bis der Rest zurückgekehrt war.",1.6496784890483351
549,Sein Kampf gegen das Osmanische Reich im Mittelmeer schränkte die verfügbare militärische Macht gegen die Rebellen in den Niederlanden beträchlich ein.,1.535689700320101
550,"Ein astronomisches Observatorium aus der Bronzezeit wurde hier um 1900 v. Chr. errichtet und wurde von der ansässigen Gemeinde genutzt, die hier bis etwa 700 v. Chr. lebte.",1.5340839658253629
551,"Der zentrale Platz wurde genutzt, um das Aufgehen der Sonne und den Vollmond zu beobachten.",1.2240990590201188
552,Drei Markierungen lokalisieren den Sonnenaufgang zur Sommersonnenwende und zur Wintersonnenwende sowie zu den beiden Tag-und-Nacht-Gleichen.,1.5379137564009
553,Vier weitere geben die minimale und die maximale Neigung des Vollmondes an; und zwar im Sommer und im Winter,1.61188489733305
554,Zwei messen die Längen des Mondmonats,1.8496512846938822
555,Seine Bedeutung beruht auf zwei Fakten.,1.4446074174095729
556,Während der post-klassizistischen Periode war auf Yucatán ein drittes System in Benutzung.,1.9103066044528136
557,"Über die Herkunft des Wortes Hispania wurde viel gestritten, und die Beweise für die verschiedenen spekulativen Erklärungen fußen in erster Linie auf bloßer Ähnlichkeit, die wahrscheinlich zufällig ist, und unseriöser Evidenz.",1.746201743612881
558,Aber der Einfluss Hispanias auf die Neuankömmlinge war ebenfalls groß.,1.6155683063661601
559,Während der ersten Phasen der Romanisierung war die Halbinsel von den Römern aus verwaltungstechnischen Gründen in zwei Teile geteilt worden.,1.5144875957597053
560,"Bis zum dritten Jahrhundert vollzog der Kaiser Caracalla eine neue Teilung, die nur von kurzer Dauer war.",1.7549060949243949
561,"Sie waren so ergriffen von der Schönheit der Gegend um den Rudyard-See, dass sie ihr erstgeborenes Kind danach benannten.",1.5843646266752667
562,"Während seiner Zeit dort, lernte Kipling auch Florence Garrard kennen und lieben, die sich bei Trix in Southsea einquartiert hatte (Trix war hierher zurückgekehrt).",2.2025313725416007
563,"Stephen Wheeler, der Herausgeber, ließ Kipling hart arbeiten, aber Kiplings Drang zu schreiben war ungebrochen.",2.033807456354196
564,"Nach Lahore zurückgekehrt, erschienen zwischen November 1886 und Juni 1887 ca. 39 Geschichten in der Gazette.",2.047231793396467
565,Zu dieser Zeit dachte er mehr und mehr über seine Zukunft nach.,1.0716924503567713
566,"Jin Ping Mei, das zwar erst 1610 veröffentlicht worden war, doch auf älterem Material basierte, markierte die Entwicklung hin zu einer unabhängigen Dichtung und zum Interesse an Psychologie.",1.6329585134011428
567,"Der Besuch höherer Schulen durch junge Männer, das steigende pro-Kopf-Einkommen und steigende Wirtschaftswachstumsraten wirkten sich positiv auf das Risiko eines Bürgerkrieges aus.",1.6469582085375047
568,"Genauer gesagt sank die Wahrscheinlichkeit für einen Konflikt um etwa 3 %, wenn die Quote der an einer Schule im Sekundarbereich eingeschriebenen jungen Männer 10 % über dem Durchschnitt lag, und eine Wirtschaftswachstumsrate von 1 % über dem Studiendurchschnitt senkte die Gefahr für einen Bürgerkrieg um etwa 1 %.",1.6060662157680896
569,"Die Studie interpretierte diese drei Faktoren als Stellvertreter für durch Revolten entstandene Verdienstausfälle, daher müssten niedrigere Verdienstausfälle Rebellionen begünstigen.",1.7141324389862278
570,"Anders ausgedrückt: Junge Männer (die den Großteil der Kämpfer in Bürgerkriegen stellen) beteiligen sich weniger häufig an Revolten, wenn sie höhere Bildung oder eine angemessene Bezahlung erhalten und wenn sie davon ausgehen können, einer sicheren Zukunft entgegenzublicken.",1.48536911230773
571,"Ein niedriges pro-Kopf-Einkommen wurde als Ursache für Unzufriedenheit ausgemacht, die zu bewaffneten Aufständen führt.",1.5618781970449092
572,Die Zusicherung von Freiheiten versprach die Spannungen zwischen den Bevölkerungsgruppen zu lösen und das Reich in einen harmonischeren Ort zu verwandeln.,1.280476644723286
573,"Die arabische Revolution, die 1916 begann, wendete an der Nahostfront das Blatt gegen die Osmanen, die hier während der ersten zwei Kriegsjahre zunächst die Oberhand zu behalten schienen.",1.7146592742481268
574,Es erörtert in mehreren Passagen speziell die negativen sozialen und kulturellen Auswirkungen des Krieges auf die Menschheit selbst.,1.3182612360958996
575,Der Dominikanerpriester Heinrich Kramer war ein Assistent des Erzbischofs von Salzburg.,1.6069018935322381
576,"1538 warnte die Spanische Inquisition ihre Mitglieder davor, alles zu glauben, was der Malleus sagte.",1.7015258654001486
577,"Erzwungene Taufen standen den Gesetzen der Katholischen Kirche entgegen, und theoretisch konnte jeder, der zur Taufe gezwungen worden war, legitim wieder zum Judentum zurückkehren.",1.5367889046918968
578,"Spanien hatte 1492 seine sephardische Bevölkerung des Landes verwiesen; viele dieser spanischen Juden gingen von Spanien nach Portugal, wurden aber später auch dort verfolgt.",1.709005597453248
579,Die mazedonische Ostgrenze zu Thrakien wurde nun durch den Fluss Nestus (Mesta) gesichert.,2.4247786554372484
580,Als nächstes rückte Philipp gegen seine Feinde im Süden vor.,1.842317230500682
581,In Thessalien besiegte er seine Feinde und bis 352 hatte er die volle Kontrolle über diese gesamte Region erlangt.,1.6418815091896386
582,"Die mazedonische Armee drang bis zum Pass von Thermopylae vor, der Griechenland in zwei Teile teilt, aber sie versuchte nicht, ihn einzunehmen, weil er von einer gemeinsamen Streitmacht aus Athenern, Spartanern und Achäern stark bewacht war.",1.6847318858896323
583,"Nachdem Philip die Grenzregionen von Mazedonien gesichert hatte, stellte er eine große mazedonische Armee zusammen und marschierte in das Zentrum von Thrakien ein, um dort einen langen Eroberungsfeldzug zu führen.",1.5013895641908832
584,Katharina die Große war ebenfalls sehr zufrieden.,1.629064033476746
585,Während des Krieges wurde Pearl Harbor häufig in amerikanischer Propaganda verwendet.,1.2631672319139113
586,Diese idealisierte Sichtweise der Romanow-Monarchie machte ihn blind für den tatsächlichen Zustand seines Landes.,1.5268696937936892
587,"Das Russische Reich war ein Konglomerat diverser Ethnien, die bereits in den Jahren vor dem Ersten Weltkrieg deutliche Zeichen von Uneinigkeit zeigten.",1.461881434530882
588,Der Stadtstaat entwickelte sich zur selben Zeit wie Sukhothai.,1.5973968749930771
589,"Dieser Kontakt mit dem Westen während des 16. Jahrhunderts führte zu einer Periode nachhaltigen wirtschaftlichen Wachstums, in der sich lukrative Handesrouten etablierten.",1.322490536894254
590,Die Armee erzielte gute Erfolge im Kampf gegen Kuba.,1.5079593347448144
591,Allerdings war sie zu sehr auf kleine Posten im Westen ausgerichtet und nicht so gut für einen Überseekonflikt gerüstet.,1.6922604872792324
592,"Man verließ sich auf Freiwillige und staatliche Milizen, die an den Sammelpunkten in Florida mit Problemen in Bezug auf Logistik, Ausbildung und Verpflegung zu kämpfen hatten.",1.4486020297395898
593,Die Vereinigten Staaten befreiten Kuba (nach einer Besetzung durch die US-Armee).,1.4779013248325803
594,"Mit dem Friedensvertrag überließ Spanien den Vereinigten Staaten seine Kolonien Puerto Rico, Guam und die Philippinen.",1.3424547371265219
595,"Die Offensive gegen die riesige Armee, die von Venedig verpflichtet worden war, ging von Frankreich aus.",1.2440562433326714
596,Bis 1563 war die Einwohnerzahl von Venedig auf 168.000 Menschen gesunken.,1.807299617731911
597,"Bildung bestand während der Renaissance hauptsächlich aus antiker Literatur und Geschichte, und es herrschte die Auffassung vor, dass die Klassiker moralische Handlungsanweisungen und ein ausgeprägtes Verständnis für menschliches Verhalten enthielten.",1.2779525115510384
598,"Es gab jedoch ausführliche statistische Analysen der Demografie- und Bevölkerungsdaten, die auch Frauen, insbesondere in Bezug auf die Geburtenraten, einbezogen.",1.4894294739757354
599,"Die meisten Informationen über die Zeit stammen von Grabstätten und den Grabbeigaben, die sich darin befanden.",1.4244941482177254
600,"Zu dieser Zeit gab es nur noch etwa 40 Familien, die dort mit reichlich gutem Farmland und Weideflächen lebten.",1.671310320573575
601,"Weil Griechenlands Kolonien sich Richtung Westen nach Italien und Sizilien (Pithekoussai und Cumae) ausbreiteten, wurde der Einfluss ihres neuen Alphabets noch größer.",2.012579191440165
602,"Bananen und Kochbananen, die als erste in Südostasien domestiziert worden waren, vermutlich in Papua Neuguinea, wurden in Afrika möglicherweise bereits vor 5000 Jahre re-domestiziert.",1.6660455225400468
603,"Abgesehen davon, dass sie eine direkte Nahrungsquelle waren, dienten bestimmte Tiere auch als Lieferanten für Leder, Wolle, Felle und Düngemittel.",1.4738489112132356
604,Eine fundamentale Wende in den Arbeitsprinzipien wurde durch den Schotten James Watt eingeleitet.,1.4883381158811966
605,"Die industrielle Revolution sorgte für eine Nachfrage nach Metallteilen, die für Maschinenanlagen verwendet wurden.",1.2057406346330717
606,Im zweiten Messenischen Krieg etablierte Sparta sich als lokale Macht in Peloponnes und im Rest von Griechenland.,1.8799136339566969
607,Der Ford T wurde beim internationalen Wettbewerb „Auto des Jahrunderts“ zum einflussreichsten Auto des 20. Jahrhunderts ernannt.,1.7121880711726656
608,"Der Erfolg des Kompaktmodells Rambler von American Motors stachelte GM und Ford an, 1960 ihre eigenen kleineren Autos vorzustellen.",2.1045845197247663
609,"Diese Konvention wird in der Moderne nur unwesentlich gelockert, und noch heute ist es nicht ratsam, unter Freunden den Vornamen zu vewenden; stattdessen ist die Verwendung des Nachnamens sehr gebräuchlich.",1.7379085842084787
610,"Im Falle der Kaiserfamilie gilt es als extrem unangemessen, den Vornamen zu verwenden.",1.3032582268915713
611,"Seit Kaiser Meiji war es üblich, von einer Ära pro Kaiser zu sprechen und jeden Kaiser nach seinem Tod umzubenennen, wobei man den Namen der Ära verwendete, in der er herrschte.",1.6599702964531942
612,Vor Kaiser Meiji waren die Namen der Äras häufiger geändert worden und die posthumen Namen der Kaiser wurden nach einem anderen System gewählt.,1.722706157269912
613,"Außerhalb Japans werden die Kaiser seit Kaiser Shōwa bei ihren Vornamen genannt, und zwar sowohl zu Lebzeiten als auch posthum.",1.7629558357183615
614,"In Asien und dem pazifischen Raum wurden zwischen 3 Millionen und über 10 Millionen Zivilisten von den japanischen Besatzern getötet, die meisten davon Chinesen (schätzungsweise rund 7,5 Millionen).",1.4825052930613394
615,In Europa hatten die Allierten vor dem Ausbruch des Krieges beträchtliche Vorteile in Bezug auf Bevölkerungszahlen und Wirtschaft.,1.4058783496863647
616,Die Kriegsführung zu Lande wandelte sich von den starren Frontlinien des Ersten Weltkriegs hin zu erhöhter Mobilität und der Verwendung von Verbundstreitkräften.,1.593238116579309
617,Britische Kavallerie-Truppen erhielten auch eine exzellente Ausbildung in berittener Schwertkampfkunst.,1.7671720567334792
618,"Einige Historiker, wie Chandler und Weller, vertreten die Ansicht, dass die britische schwere Kavallerie als funktionsfähige Macht zerstört wurde, nachdem sie ihrem ersten gewaltigen Angriff ausgesetzt war.",1.4271112086712867
619,Nach einer genetischen Studie mit autosomalen Daten bei Roma liegt die südasiatische Herkunft der Roma in Nord-Westindien begründet.,2.0443374664302136
620,"Erklärungen zum Ursprung von Musik hängen davon ab, wie Musik definiert wird.",1.4639773623504968
621,"Unter Menschen, unabhängig davon, ob männlich oder weiblich, gibt es leidenschaftliche Sänger, und das Musizieren ist vor allem eine gemeinschaftliche Aktivität.",1.2849717813916048
622,"1839 befand China sich im ersten Opiumkrieg mit Großbritannien, nachdem der Generalgouverneur von Hunan und Hubei, Lin Zexu, den Außenhandel mit Opium verboten hatte.",2.215200860480238
623,China wurde besiegt und stimmte 1842 den Vorschriften des Vertrages von Nanking zu.,1.8040496369122874
624,"Hongkong wurde Britannien überlassen und einige Häfen, darunter Shanghai und Guangzhou, wurden als Handels- und Aufenthaltsorte für Briten zugelassen.",1.6271549551064004
625,"1856 brach der zweite Opiumkrieg aus; die Chinesen wurden erneut besiegt und waren gezwungen, die Bedingungen des Vertrags von Tientsin von 1858 und die Pekinger Konvention von 1860 zu akzeptieren.",1.7829091722710673
626,"Der Vertrag öffnete neue Handelshäfen und gestattete es Ausländern, ins Land einzureisen.",1.9432051505348977
627,"Lamarr begleitete Mandl zu Geschäftstreffen, wo er sich mit Wissenschaftlern und anderen Fachleuten aus dem Bereich Militärtechnologie austauschte.",1.6389261691694226
628,"Zu den ersten Erfindungen Lamarrs gehören ein verbessertes rotes Ampellicht und eine Tablette, die sich in Wasser auflöst und ein kohlensäurehaltiges Getränk erzeugt.",2.014944162355737
629,"Ihr waren verschiedene Drehbücher, Fernsehwerbesopts und Bühnenprojekte angeboten worden, aber nichts davon weckte ihr Interesse.",1.5910141588639397
630,"Joseph Darnand, der SS-Offizier wurde und die paramilitätische Milice leitete, die auf Mitglieder der Resistance Jagd machte, wurde im Oktober 1945 hingerichtet.",2.1580360811388593
631,"De Gaulle hatte angeordnet, dass es keine öffentlichen Sympathiebekundungen gegenüber Churchill und keine offiziellen Belobigungen ohne seine vorherige Zustimmung geben sollte.",1.4338580094353204
632,Der Film zeichnet die Zerstörung von Carangis Leben und Karriere aufgrund ihrer Heroinsucht und ihren Niedergang und AIDS-Tod Mitte der 80er-Jahre nach.,1.8061500683340839
633,"Er wurde erst ziemlich spät im Krieg fertiggestellt; und obwohl eine Reihe von B-29s mit dem Eagle ausgestattet wurden und auch gut funktionierten, kam dies zu spät, um einen Unterschied zu machen.",1.4490318804683362
634,"Das Radarsystem, für das Alvarez bekannt war und das in der Luftfahrt eine große Rolle gespielt hatte, vor allem in der Nachkriegszeit in der Berliner Luftbrücke, war der Bodengesteuerte Anflug (Ground Control Approach - GCA).",1.9193931068095977
635,"Mithilfe der Dipol-Antenne von Alvarez, die für eine sehr hohe Winkelauflösung sorgt, ermöglicht das GCA am Boden stationierten Radarbedienern, spezielle Präzisionsanzeigen zu beobachten, um ein landendes Flugzeug mit verbalen Befehlen an den Piloten auf die Landebahn zu geleiten.",1.7465129280345086
636,"Das System war einfach, direkt und funktionierte gut, sogar mit bis dahin nicht ausgebildeten Piloten.",1.5100051926297533
637,"Es war so erfolgreich, dass das Militär es auch nach dem Krieg weiterhin viele Jahre nutzte, und es wurde auch in den 1980er Jahren noch von einigen Ländern verwendet.",1.1320234053562626
638,Wegen des Bevölkerungswachstums wurden neue indigene Viertel geschaffen.,1.4897479654303538
639,Die Rebellen der Allianz Demokratischer Kräfte zur Befreiung Kongos eroberten Lumumbashi im April 1997.,2.2804366792321713
640,"Die große Höhe hilft, das Klima zu kühlen, das anderenfalls sehr heiß sein würde.",1.6582774764388901
641,Die sich verschlechternde Gesundheit hemmte Hitchcocks Schaffensleistung in den letzten beiden Jahrzehnten seines Lebens.,1.5720016154416998
642,"In Hichcocks Filmen werden manchmal Charaktere gezeigt, die Probleme in der Beziehung zu ihrer Mutter haben.",1.4320743096124808
643,"Hitchcock hat am liebsten mit den größten Talenten seiner Zeit gearbeitet, z. B. mit Filmposter-Designern wie Bill Gold und Saul Bass, die Poster produzierten, in denen präzise seine Filme dargestellt waren.",1.6837144456973296
644,"Herzl hatte einen Nervenzusammenbruch, weil er zwischen dem Verlangen nach literarischer Anerkennung und dem Wunsch, als öffentliche Figur aufzutreten, hin- und hergerissen war.",1.2974768548462583
645,"Am 10. März 1896 bekam Herzl Besuch von Reverend William Hechler, dem Anglikanischen Priester der britischen Botschaft.",1.9632297216380004
646,Während einer Episode wird er als versierter Gitarrenspieler gezeigt.,1.6753931307712238
647,"Lenny ist ein eingefleischter Junggeselle, der wenig Glück mit Frauen hat.",1.4495011659814439
648,"Bei einer Gelegenheit wird angedeutet, er sei ein verdeckter Ermittler, der auf Homer angesetzt ist.",1.347786924078969
649,"Mit dem Ziel, sich weiter mit Drama zu beschäftigen, schrieb sich Winstone bei der Corona Stage Adademy in Hammersmith ein.",1.9866775414292341
650,"Winstone traf seine Frau, Elaine, während der Dreharbeiten zu That Summer im Jahr 1979.",1.9505324339931691
651,Winstone wurde am 4. Oktober 1988 und erneut am 19. März 1993 für bankrott erklärt.,1.6661289332991476
652,"Außerdem fand Disney heraus, dass Universal die Rechte am geistigen Eigentum an Oswald beanspruchte.",1.769121084086781
653,"Disney erhielt einen weiteren Ehrenoscar, der aus einem Oscar in Normalgröße sowie sieben Miniatur-Oscars bestand.",2.214066364473164
654,"Diese Karte gewährt einen Zuschuss, der von Geldautomaten zum Erwerb von Schulbedarf wie Büchern und Uniformen abgehoben werden kann.",1.5475652096640062
655,Er hat zudem im Jahr 2013 fünf traditionelle Märkte und im Jahr 2014 vier traditionelle Märkte gebaut und renoviert.,1.626159206079883
656,"Sein Kontrahent Prabowo Subanto erklärte sich jedoch auch zum Sieger, was zu Verwirrung in der indonesischen Bevölkerung führte.",2.0111771579752444
657,"Bevor Jokowi die Geschäfte übernahm, sorgte er dafür, dass der scheidende Präsident Yudhoyono die Verantwortung für die Entscheidung über eine weitere Erhöhung der Benzinpreise übernahm, weil er Subventionen weiter abgebaut hatte.",1.589490578297691
658,"In seiner offiziellen Biografie wird zudem verbreitet, dass Kim sechs Opern komponiert hat und gern elaborierte Musicals inszeniert.",1.7802641723275106
659,"Auf den Rat von Alexander hin war es ihm möglich, einen Kompromiss auszuhandeln: er würde eine Universität besuchen, aber würde Literatur studieren.",1.388427802570184
660,"Barrie schrieb sich an der Universität von Edinburgh ein, wo er Theaterkritiken für den Edinburgh Evening Courant schrieb.",1.820385993840616
661,Er machte seinen Abschluss und erhielt seinen M.A. am 21. April 1882.,1.6009149321591092
662,"Er bewarb sich auf eine Stellenanzeige in The Scotsman, die ihm seine Schwester gesucht hatte, und er arbeitete für anderthalb Jahre als angestellter Journalist beim Nottingham Journal.",1.5037653104717796
663,Dann kehrte er zurück nach Kirriemuir.,2.063179045220398
664,Von der ersten Edition wurden lediglich 3000 Exemplare aufgelegt.,1.4945056558534304
665,2009 lagen die Verkaufszahlen für „The Power of Now“ und „A new Earth“ in Nordamerika schätzungsweise bei 3 Millionen bzw. 5 Millionen Exemplaren.,2.0426710968984403
666,"Einige christliche Wissenschaftler kritisieren Tolles Lehre, andere loben sie.",1.8528940188869256
667,Zwischen 1991 und 1997 leitete sie eine Schule für Kinder mit Lernbehinderungen.,1.6796330624324824
668,"Ihr neuestes nicht fiktionales Buch ist über Margeret Douglas, die Gräfin von Lennox.",2.1480196378231127
669,"Der Zugang zu fiktionalen Stoffen fiel ihr leicht, wie sie erklärt: „Jedes Buch hat eine Lernkurve, und man muss aufgeschlossen bleiben.“",1.6457376078558572
670,"Damit es ihnen mit Jasmine nicht genauso erging, entschieden die Filmemacher schließlich, dass die Prinzessin vollständig in einem Studio animiert werden sollte.",1.4027522005483333
671,"Als ihr Äußeres feststand, war Jasmine die erste nicht weiße Prinzessin bei Disney und war damit offensichtlich nicht europäischer Herkunft.",1.583174715628287
672,"Thematisch steht Jasmine auch für Bürgerrechte, Rassentoleranz, soziale Hierarchien, ebenso wie für Leben, Freiheit und Streben nach Glück.",1.7555227228287857
673,Es gab bis zum Ende des kommunistischen Regimes in Polen jedoch keine weitere öffentliche Anerkennung ihres Widerstandes zu Kriegszeiten und ihrer humanitäten Arbeit.,1.4087138550344758
674,"„Really really love you“ wurde im August veröffentlicht und erreichte die Top 50; „Shaky Ground“, die Single-Auskopplung daraus, erschien im September aber Geyer war schon in den USA.",2.336099373370816
675,"Nach einem Karrierehöhepunkt zuhause in Australien kehrte Geyer 1984 zurück, um in Los Angeles zu leben und sich auf ihren Durchbruch in der dortigen Musikszene zu konzentrieren.",1.6595061561862152
676,"Nachdem der Erfolg in den Billboard 200 bei Nr. 96 stagniert war, erreichte „Thought 'Ya Knew“ die Nr. 31 im Vereinigen Königreich, aber das Album hielt sich hier für nur zwei Wochen in den Charts.",2.197129383382108
677,"Nach ihrer Entlassung übernahm Peniston die Rolle von Glinda, der guten Hexe, in einer Theaterproduktion des Musicals „The Wiz“.",2.07048055961106
678,"Wilkes wurde zwei weitere Male wiedergewählt und wieder abgesetzt, bevor das House of Commons entschied, dass seine Kandidatur ungültig sei und den Zweitplatzierten als Sieger erklärte.",1.7168588131902358
679,"Die Regierung von Grafton zerfiel 1770, sodass die Tories unter der Führung von Lord North zurück an die Macht kommen konnten.",1.7160604052406592
680,"George war sehr demütig und verbrachte viele Stunden im Gebet, doch diese Gottesfürchtigkeit wurde von seinen Brüdern nicht geteilt.",1.4159471316293917
681,"George war von ihren, wie er fand, lockeren Moralvorstellungen entsetzt.",2.161789970790811
682,"1770 war bekannt geworden, dass sein Bruder, Prinz Henry, Duke von Cumberland und Strathearn, ein Ehebrecher war, und im darauffolgenden Jahr heiratete Cumberland die junge Witwe Anne Horton.",1.8373539271725168
683,Ihr Album Wild West aus dem Jahr 1981 war einer ihrer größten Verkaufsschlager.,1.577478445220927
684,Zu diesem Zeitpunkt hatten sie ein extravaganter Lebenswandel und eine Reihe schlechter Investitionen ihrer Geldgeber beinahe ruiniert.,1.4037935946118103
685,"Im Juni 2012 veröffentlichte die isländische Band Sigur Rós ein Video zum Song „Fjögur Píanó“, in dem LaBeouf nackt zu sehen ist.",2.764678120202214
686,In Louis Post Dispatch wurde dies als einer von LaBeoufs besten Auftritten gelobt.,2.3157728036913725
687,"Das Auto ging in Flammen auf, und Kenseth ging davon.",1.5230751370450022
688,Am Tag des Rennens wohnte Elliott der Beerdigung seines Vaters bei.,1.4727004792168332
689,"2003 dominierte er die Punktestände und führte die letzten 33 von 36 Rennen, und er wurde der NASCAR Winston Cup-Champion 2003 - der letzte Fahrer, der je diesen Titel errungen hat.",1.9580248441218906
690,"Rafferty veröffentlichte in den 1990ern zwei weitere Alben, die laut dem Musiker Tom Robinson eine „Rückkehr zur Höchstform“ darstellten.",1.8494883115046572
691,"Auf „On a Wing and a Prayer“ (1992) spielte er wieder in einigen Stücken zusammen mit seinem Partner der Stealers Wheel, Egan.",2.6125668504198845
692,"Darauf waren auch drei Stücke, die Raffertys Bruder Jim mitgeschrieben hatte, der selbst Singer-Songwriter war und in den 70er Jahren bei Decca Records unter Vertrag stand.",1.7688298213085696
693,Rafferty nahm auf dem Album „Over My Head“ von 1994 eine neue Version des Humblebums-Songs „Her fahter didn't like me anyway“ auf.,3.2204208371652565
694,"Dies waren die letzten beiden Aufzeichnungen, die Rafferty mit Hugh Murphy produzierte, welcher 1998 starb.",1.692730838077019
695,"Mindestens 330.000 Menschen, inklsuive 10.000 Techniker, waren involviert.",2.0614480865659024
696,"Stalin hatte begonnnen, Abakumow zur Bildung seines eigenen Netzwerkes innerhalb des MGB zu bewegen, um die Dominanz Berias in den wichtigen Ministerien zu unterwandern.",2.0176160194938437
697,"Die Strukturen, die sich in den Daten aus der Petén-Region und aus Uaxactun finden, lassen diese Stätten als Teil der kulturellen Entwicklung der Maya-Tiefebene erscheinen.",1.8663986028380193
698,"Der Artikel von Thompson geht davon aus, dass die Maya ein ausgesprochen „friedliebendes“ Volk waren, da sie über keinerlei offensichtliche Verteidigungmechanismen verfügten.",1.6759772110132327
699,"Segel finden sich in der prähistorischen mesoamerikanischen Bildkunst und Texten nirgends; stattdessen wird davon ausgegangen, dass Kanus das Haupttransportmittel auf dem Wasser für die Maya in dieser Zeit waren.",1.7176962601254746
700,"Starlin übernahm für die folgende Ausgabe das Zeichnen und fing an, einen augeklügelten Geschichtenstrang zu entwickeln, der sich auf das schändliche Thanos konzentrierte und sich über mehrere Marvel-Titel hinweg erstreckte.",1.5991152273646978
701,"Gleichzeitig erschuf Starlin Mitte der 70er Jahre eine Reihe von Geschichten, die zur unabhängig davon veröffentlichten Science-Fiction-Anthologie „Star Reach“ gehörten.",1.6842578424015306
702,Wegen seiner Großmutter war Mishima ein direkter Nachkomme von Tkugawa Ieyasu.,2.2945082122145544
703,"1955 begann Mishima mit Hanteltraining, und er hat seinen Trainingsplan von drei Einheiten pro Woche die letzten 15 Jahre seines Lebens nicht ausgesetzt.",1.658860425934653
704,Mishima verschrieb sich gegen Ende seines Lebens einer sehr individuellen Art des Nationalismus.,1.5718346349749357
705,2011 wurde Blunt Botschafterin des neuen Dufts von Yves Saint Laurent Opium.,2.148189598852524
706,Blunt spielte in der britischen Komödie „Lachsfischen im Jemen“ von 2011 unter der Regie von Lasse Hallström und an der Seite von Ewan McGregor und Kristin Scott Thomas.,2.1243854543304588
707,Im selben Jahr hatte sie einen kurzen Auftritt in Disneys „Die Muppets“ als Miss Piggys Empfangsdame.,2.055949673922123
708,Sie spielte die Hauptrolle in dem Film „Fast Verheiratet“ aus dem Jahr 2012 unter der Regie von Nicholas Stoller und mit Jason Segel in einer weiteren Hauptrolle.,1.7594672102274904
709,"Im Januar 2011 begann Blunt, einen amerikanischen Science-Fiction-Film mit Bruce Willis und Joseph Gordon-Levitt in weiteren Hauptrollen zu drehen (Looper), bei dem Rian Johnson Regie führte; im September 2012 kam der Film in die Kinos.",1.9163970585210417
710,"Valentino versuchte, den Charakter von einem stereotypen Porträt eines arabischen Mannes abzugrenzen.",1.5708785533360152
711,"Joseph Schenck hatte Interesse daran, seine Frau, Norma Talmadge, in einer Version von Romeo und Julia neben Valentino zu besetzen.",1.9713912402937117
712,"Lord Halifax, der Lord President of the Council, besuchte Deutschland im November privat und traf sich mit Hitler und anderen deutschen Offiziellen.",1.8393577604817226
713,"In seiner Ansprache an das Kabinett, kurz nachdem deutsche Truppen die Grenze überschritten hatten, beschuldigte Chamberlain sowohl Deutschland als auch Österreich.",1.2223036866314134
714,"Im Mai erschossen tschechische Grenzsoldaten zwei sudetendeutsche Bauern, die versucht hatten, die Grenze in die Tschechoslowakai zu übertreten, ohne sich von den Grenzkontrollen überprüfen zu lassen.",1.5876119702273797
715,"In dieser Zeit wawr Marcelle oft allein im Zimmer, währen Piaf und Mômone draußen auf der Straße oder in Clubs zum Singen waren.",2.390278343289483
716,Diese waren bis nach Smith' Tod fast vollkommen in Vergessenheit geraten.,1.5244353698341426
717,Ein anderes Thema der Skylark-Romane sind die Vorboten moderner Informationstechnologie.,1.6367935349481055
718,"Bereits 1926 schrieb Meyer an Irène Joliot-Curie und schlug ihr vor, dass Rona mit ihr arbeiten könne, um zu lernen, wie sein Labor seine eigenen Polonium-Proben herstellen könnte.",1.929207513069983
719,"Als Hans Petterson es geschafft hatte, eine Finanzierung für Ronas Ausgaben sicherzustellen, willigte Joliot-Curie ein, dass sie kommen und die Polonium-Separation im Curie-Institut in Paris lernen dürfte.",2.0061494272271982
720,Rona entwickelte und verbesserte die Methode des Vorbereitens von Poloniumquellen und des Produzierens von Alpha-Emissionen.,1.5950444186249915
721,"Sie erwarb sich aufgrund ihres Expertenwissens Anerkennung und nahm ihre Fähigkeiten mit zurück in das Radium-Institut, zusammen mit einer kleinen Scheibe Polonium.",1.6813993091559278
722,"Dank dieser Scheibe konnte Rona Labor-Proben von Polonium erzeugen, die in einem Großteil der späteren Forschung des Instituts genutzt wurden.",1.643297155121492
723,Während der spielfreien Zeit 2013 erschien sie auf CTV Montreal und präsentierte als Gastmoderatorin das Wetter.,1.932396082336513
724,"Als Nächstes traf sie auf die Titelverteidigerin und Top-Favoritin Sara Errani, wurde aber geschlagen.",2.0204406358932063
725,Bouchard musste eine schockierende Dreisatzniederlage hinnehmen.,2.384317080645276
726,"Da Joans Tochter Cecily Richard Plantagenet, den 3. Duke von York, heiratete und mehrere Kinder bekam, darunter Eward IV. und Richard III., wurde Joan die Großmutter zweier Könige von England aus York.",2.10823620700471
727,John von Gaunt starb 1399.,2.6558405513344994
728,Der Ritter Lyvet wurde freigelassen und sein Nachfolger wurde in den Kerker geworfen.,1.2457779001724978
729,"Nur wenig zuvor war er von der Schauspielerin Gloria Holden geschieden worden, aber er litt sehr unter der Trennung.",1.464194437881981
730,"Er spielte Humphrey Bogarts jüngeren Bruder, den sorglosen Playboy, in „Sabrina“ (1954), die von Audrey Hepburn dargestellt wurde.",1.9814402939945166
731,"Er entschied sich, im folgenden Wahlkampf nicht noch ein drittes Mal anzutreten.",1.3429407006326723
732,Der Präsidentschaftswahlkampf von 1980 zwischen Reagan und dem amtierenden Präsidenten Jimmy Carter fand inmitten von innenpolitischen Sorgen und dem fortschreitenden Geiseldrama im Iran statt.,1.6132544952163004
733,"Die Republikaner eroberten den Senat zum ersten Mal seit 1952 wieder und erlangten 34 Sitze im Repräsentantenhaus, aber die Demokraten behielten eine Mehrheit.",1.441308311243848
734,"Er erholte sich und wurde am 11. April aus dem Krankenhaus entlassen, womit er der erste US-Präsident wurde, der einen versuchten Mordanschlag überlebt hatte.",1.1239121094173175
735,"Reagan war überzeugt, dass Gott sein Leben gerettet hatte, weil er noch zu Höherem berufen war.",1.169242423258604
736,"Bloch setzt alles daran, die Hoffnung zum Leitmotiv seines Marxismus zu machen; damit unterstreicht er den impliziten Humanismus, der der mystischen Tradition innewohnt.",1.8772503009532686
737,Eine richtige Theologie muss daher im Hinblick auf ihr zukünftiges Ziel gedacht werden.,1.4739112125310319
738,"Pebe zog 1991 mit ihrer Familie nach Nashville, Tennessee, nachdem sie einen neuen Vertrag über die Veröffentlichung ihrer Songs abgeschlossen hatte.",1.31399317920056
739,"Kesha und Pebe schrieben den Song „Stephen“ gemeinsam, als Kesha 16 war; Kesha spürte dann David Gamson auf, einen Produzenten, den sie wegen Scritti Politti bewunderte, und er erklärte sich bereit, den Song zu produzieren.",2.2525798099570515
740,Im August 2015 veröffentlichte Kesha eine kleine Meldung über ihr kommendes drittes Studio-Album.,1.7535178035510894
741,"Dieses Mal erreichte es ihn, doch er weigerte sich zu glauben, dass sie nicht mehr mit ihm verheiratet sein wollte.",1.0136505020360236
742,"Wright war in Poole (Dorset) geboren, aber er wuchs hauptsächlich in Wells (Somerset) auf.",2.454549845979139
743,"Wright hat einen Bruder, Oskar, der Comiczeichner ist, und der die Storyboards, die Konzeptkunst und die Werbefotos für Edgars Filme beisteuert.",2.2310928641498253
744,"Wright ist eine Freund des Regiekollegen Garth Jennings, und er hatte Kurzauftritte in dessen Filmen „Per Anhalter durch die Galaxis“ und „Der Sohn von Rambow“.",2.177232805137898
745,Die Großmächte erfüllten die Bitten nach der Anerkennung Albaniens nicht.,1.7203813764901577
746,Zu Beginn der Konferenz von London im Dezember 1912 lehnten die Vertreter aller sechs Großmächte den Plan zur Schaffung eines unabhängigen Albaniens ab.,1.572963752370921
747,"Stattdessen entschieden sie, dass Albanien unter die Hoheit des Osmanischen Reichs gestellt würde, jedoch mit einer autonomen Regierung.",1.5071727530251435
748,"Nachdem sich abzeichnete, dass das Osmanische Reich durch den Verlust von Mazedonien seine territoriale Verbindung mit Albanien verlieren würde, wurde den Großmächten klar, dass sie ihre Entscheidung revidieren mussten.",1.3921055666818494
749,"Der Vertrag von London, der am 30. Mai 1913 unterzeichnet wurde, teilte große Teile des Territoriums, das Albanien für sich beanspruchte, auf die Balkanstaaten auf, und zwar unabhängig von ihrer ethnischen Zusammensetzung; damit wurde das Territorium Albaniens auf seine Zentralregion beschränkt.",1.551352080730251
750,Die Beamten konnten die 53-Jährige bei der Tat am Sonntagmorgen überwältigen.,1.4196649111181523
751,"König Salman ersetzte den Politik-Veteranen durch den Chef der Finanzaufsicht, Mohammed al-Jadaan.",2.163881052075035
752,"Öl, Gold oder Nahrungsmittel wie Weizen sind Rohstoffe, in die Spekulanten weltweit Milliarden investieren.",1.7141263799404691
753,Mit 71 Toren in 137 Länderspielen ist er DFB-Rekordtorschütze.,2.81655743213614
754,"Mithilfe von EC-Kartendaten ermittelt die Essener Polizei gegen vier Personen, die tatenlos dabei zugeschaut haben sollen, wie ein Rentner in einer Bankfiliale verstarb.",1.8197058910586321
755,"Der Sprecher wollte nicht ausschließen, dass auch noch gegen weitere Menschen ermittelt wird.",1.1517590398637596
756,"Aber weil die Series 1 auch nicht mehr die alte ist, können sich viele Nutzer 100 Euro sparen.",1.7122189914577675
757,Das Bild zeigt deutlich die in Gerüchten erwartete schmale Touch-Display-Leiste über der Tastatur.,1.9624623841877507
758,"Man wisse nicht, auf welche Art und Weise die beiden Dramatiker zusammengearbeitet hätten.",1.1126863529473907
759,"Eine schwedische Studie zeigt, dass die Tiere jenseits der zweimonatigen Brutzeit nur selten landen, wenn überhaupt.",1.3637690948594325
760,Laut Parker sind in Großbritannien zahlreiche russische Geheimdienstmitarbeiter aktiv.,1.3789218901491542
761,Russland hatte die Aussetzung des Abkommens Anfang Oktober angekündigt.,1.61229400252165
762,"Das Gesetz nennt eine Reihe von Bedingungen, unter denen das Abkommen wieder in Kraft treten könnte: Dafür müssten die USA alle Truppen aus Ländern abziehen, die nach 2000 Nato-Mitglied wurden, alle Sanktionen gegen Russland aufheben und die durch die Sanktionen entstandenen Kosten ersetzen.",1.5451426464204385
763,"Es ist ein politischer Prozess und ich habe entschieden, nicht anwesend zu sein, hieß es darin.",1.253937310881618
764,"Wenn ein türkischer Mitarbeiter kündigt, kommen die türkischen Betriebsräte.",1.6132711271158313
765,"Verkrustete Strukturen und eine selbstgefällige Elite sind in dieser Sichtweise Schuld daran, dass es um das Gesundheitssystem, die Bildung und den Außenhandel in den USA so schlecht bestellt ist.",1.4117954444859453
766,Kühn kann da nur mit dem Kopf schütteln.,1.9560101454718606
767,"Im Juli hat die ZEIT erstmals bei dem Immobilienunternehmen nachgefragt, was es mit den dubiosen Geldflüssen und den Insolvenzdrohungen auf sich hat.",1.7417458798514158
768,"Spätestens wenn eine Gruselorgel zum Einsatz kommt, wie im Sechziger-Jahre-Hit Monster Mash, schlägt es zur Geisterstunde.",2.441667173817285
769,Die Kostensteigerungen begründete von Beust mit einer fehlenden Detailplanung.,2.02523241806795
770,"Simon Krätschmer tappt allein durch eine heruntergekommene, finstere Baracke.",1.9504670186628446
771,Denn jedes einzelne Wunder und jeder Spezialisierungsdistrikt nimmt ein komplettes Feld ein.,1.5931334998532538
772,Die Produktion des Smartphone-Modells wurde komplett eingestellt.,1.0744134032054167
773,"Es war der 30. August 2015, als eine Entenarmee das Internet eroberte.",1.6117577211675231
774,"Die Smartphone-Generation bekam eine App, die sie verdiente, in der auch die beknackteste Situation im besten Fall ein Millionenpublikum fand.",1.5454085446724068
775,Andererseits war Vine auch Kunst in sechs Sekunden.,1.9440014562009234
776,Und jetzt ist er auch noch Weltmeister.,0.9131003090526892
777,Für Kerber markiert das Saisonfinale dennoch das Ende eines unglaublichen Jahres.,1.7704584728171506
778,Nach der Sensation bei den Australian Open verlor die 28-Jährige in Wimbledon erst im Endspiel gegen Serena Williams.,2.123064193375002
779,"Unklar scheint lediglich, in welchen.",2.0588293392784727
780,Schimpfen Sie mit Ihrem Wecker?,1.609362961822606
781,Fest steht: Männer könnten in Sachen Verhütung größere Verantwortung übernehmen.,1.5959934965620366
782,Nach christlichem Glauben war ein in den Kalkstein gehauenes Grab die letzte Ruhestätte von Jesus.,1.8481188834173083
783,"Warum das Video in Deutschland beworben wird, ist aber unklar.",1.263416597489527
784,"In ihrer unnachahmlich dümmlichen Art sprachen mich bald Offiziere an, fragten, ob ich denn den Schriftsteller Günter de Bruyn kenne, ob wir geistige Verwandte seien.",1.9998045171678034
785,"Der kanadische Flugunfallermittler Larry Vance etwa sagte dem SPIEGEL, er sei überzeugt, dass einer der Piloten die Maschine gezielt auf der Oberfläche des Ozeans habe landen wollen - damit sie untergeht.",1.7184380218712854
786,"Die australischen Experten zogen ihre neuen Schlüsse unter anderem aus der Untersuchung einer Landeklappe der Boeing, die in Tansania in Ostafrika angespült worden war.",1.5687079412443496
787,Die Sache ist für Barroso womöglich noch nicht ausgestanden.,1.6214419757893872
788,Der Wechsel Barrosos hatte viel Wirbel ausgelöst.,2.149050952992635
789,"Die jetzigen Festnahmen seien „eine Fortsetzung der Schikanen gegen uns“, sagte Dündar jetzt.",2.086836686682168
790,Durch den Deal zwischen Aoun und Hariri kommen sich die beiden verfeindeten Bündnisse (vorerst) näher.,2.0411774001822742
791,"Der Ehemann der derzeitigen Kandidatin für das Weiße Haus, Hillary Clinton, hatte am letzten Tag seiner US-Präsidentschaft, dem 20. Januar 2001, eine Reihe von Personen begnadigt, darunter eben auch Rich.",1.5047612729945044
792,Dündar warnte Europa vor zu viel Verständnis für Erdogans Kurs.,2.5880075094860078
793,"Adnan Z. Amin, der Generaldirektor der Internationalen Organisation für Erneuerbare Energien (IRENA), ist sich sicher: „Offshore-Windkraft kann die Nummer Eins bei der Stromerzeugung in einer Kohlestrom-freien Weltwirtschaft werden.“",2.092070163273405
794,Die guten Zahlen schoben in Asien prompt die Börsen nach vorn.,2.006503257594503
795,Einen Schub erwartet man sich vom boomenden Immobilienmarkt und steigenden Staatsausgaben.,1.8460694180347594
796,Besondere Hingucker sind die beiden ausgestellten Gemälde von Lucas Cranach dem Älteren.,1.9826857928331354
797,"Deshalb werden die lästigen Sperrtafeln auch nicht komplett verschwinden: Nach Informationen der Nachrichtenagentur dpa werden sie beispielsweise dann geschaltet, wenn der Künstler oder die Plattenfirma kein Mitglied der GEMA ist und keine Vereinbarung mit YouTube hat.",1.6093745395816428
798,"Die Schadstoffe attackieren nicht nur die noch unfertigen Lungen der Kleinen, sie können auch die Entwicklung des kindlichen Gehirns auf Dauer beeinträchtigen.",1.3691504654988402
799,"Da wundert es nicht, dass Bundes- und Länderregierungen das Nationale Naturerbe inzwischen als gesamtgesellschaftliche Aufgabe höchsten Ranges eingestuft haben und seit 2005 im Koalitionsvertrag festschreiben.",1.6714100975846842
800,"Anders als der vom 28. Oktober, war der Brief von Herrn Comey kaum kommentiert worden.",1.7417542806147084
801,"Wenn seine demokratische Gegnerin gewählt werden sollte, dann, so versicherte er, würde sie „jahrelang überprüft werden“.",1.6449552800764964
802,"„Wenn jemand nicht mit einem Twitter-Account umgehen kann, kann er auch nicht mit Nuklearcodes umgehen“, spottete Obama.",1.8061429042006414
803,Laut Programm wird sie um 23.45 Uhr sprechen.,1.8023506638180964
804,Am Dienstag könnte in den Vereinigten Staaten von Amerika die erste weibliche Präsidentin der Geschichte gewählt werden.,0.9079477793898245
805,Andererseits lassen Frau Clintons Beziehungen zu Europa in den letzten 20 Jahren Einiges zu wünschen übrig.,1.499877169933489
806,Die islamischen Konservativen der AKP haben diese Ablehnung als Rechtfertigung für die Verhöre verwendet.,1.3874077486333563
807,"Es wird eine Zweidrittelmehrheit benötigt, genau genommen 367 Abgeordnetenstimmen (von 550), während 330 Stimmen erforderlich sind, um ein Referendum in Gang zu setzen.",1.8510096333302106
808,"Am Donnerstag, den 3. November, entschied der Bürgermeister von Saint-Gaudens (im Département Haute-Garonne), das 2014 mit der Regierung geschlossene Abkommen zur Stadtentwicklung auszusetzen.",1.8880702566611376
809,"Letzterer überwacht die Vorwahlen der Konservativen, in denen Rachida Dati Nicolas Sarkozy unterstützt.",2.1374379472697216
810,In dieser Nachricht hatte der ehemalige Jusitzminister Brice Hortefeux als „faschistischen schwachsinnigen Innenminister“ und als „Gangster“ tituliert.,2.157774611481306
811,"Wo gibt es Grenzen, die den Ausdruck religiöser Überzeugungen in privaten Unternehmen behindern?",1.3054026665663903
812,"Selbst wenn die Mehrzahl der Situationen, die sich am Arbeitsplatz ergeben, ohne Konflikte gelöst werden können.",1.2254048873796546
813,Dürfen Arbeitnehmer ihre religiösen Symbole auf ihren Scheibtischen haben?,1.7952729362862858
814,"Der Gewerkschaftsbund Force Ouvrière bedauert, dass seine Bemerkungen zum Inhalt des Führers nicht dabei waren: „Es hat keine Absprachen gegeben“, sagte Frau Gillard.",1.8631802394976684
815,"Der Führer ist vor allem problematisch, weil er „aus einer Notsituation heraus“ enstanden ist.",1.7395267334086555
816,Diese Klausel bezog sich auf Fahrtzeiten innerhalb der Arbeitszeit zu den Kunden nach Hause.,1.5913332751941003
817,"Die beiden Organisationen veröffentlichten einen Appell, der am 12. Oktober vom Kassationshof zurückgewiesen wurde.",1.3549993225224692
818,"Sie zielt darauf ab, die Fahrtzeit zu berücksichtigen, nachdem man dies von der tatsächlich geleisteten Arbeitszeit abzieht, ohne die wahre Fahrtzeit messen zu können.",1.5008608504076937
819,"Die Arbeitszeit, die in dieser ersten Stunde verrichtet wird, liegt bei mehr oder weniger 45 Minuten.",1.2528662986472456
820,"„ETA ist ein Auslaufmodell“, verriet die französische Division.",2.082941527090841
821,"Er bemerkte auch, dass „die Existenz eines solchen Dokuments Konsequenzen haben könnte, die wahrscheinlich, aber nicht akzeptabel“ seien.",1.2904497517344702
822,"Der Französische Digitale Rat, der zu Gesetzen bezüglich Fragen digitaler Techonologien berät, wird es auch eingehend prüfen.",1.8829255428777258
823,"Laut Le Figaro könnten durch diesen Plan der Regierung 42 Mio. Euro frei werden, von denen 15,5 Mio. für die Sicherheit eingesetzt werden würden.",1.6820268759028822
824,Frankreich hat keinen guten Ruf.,1.3017177662890036
825,"Tina Anselmi wurde am 25. März 1927 in Castelfranco Veneto geboren; sie wuchs in einer antifaschistischen katholischen Familie auf, die von der Verfolgung ihres militant sozialistischen Vaters gezeichnet war.",1.8652948323372
826,Tina Anselmi hatte der katholischen Gewerkschaft immer nahegestanden und setzte sich vor allem für die Rechte von Textilarbeitern und Lehrern ein.,1.6603669891519686
827,"Es ist schwer vorstellbar, dass Italiens U-Bahnlinien kürzer sind als die von Madrid.",1.5197740877665362
828,"Es wurde betont, dass wir nicht mit denen weiterarbeiten können, die völlig gegen Italien sind.",1.143789744033885
829,"Wir werden prüfen, ob und wie wir im nächsten Abschnitt fortfahren.",1.1100079404344703
830,Der erfolgreichste Song ist „Geronimo“ von Sheppard.,2.0861154759421288
831,"Die Älteren werden 500 € vom Staat bekommen, die sie bis zum 31. Dezember 2017 ausgegeben haben müssen.",1.4772301723807757
832,"Es wird ein Gutschein generiert, der auf dem Smartphone gespeichert werden oder an der Kasse vorgezeigt werden kann.",1.4280994307712431
833,Ab dem 1. Januar wird es eine Preissteigerung bei Benzin und Diesel geben.,1.7256409724593322
834,"Der CGI Mestre hat in einer Meldung veröffentlicht, dass es keine Mehrwertsteuererhöhung geben wird, zumindest nicht 2017.",1.7466564337055335
835,"Ein Stand, der in beiden Fällen für die EU ein Spitzenstand ist.",1.7209459437025525
836,"Die neuesten Zahlen sind vom 24. Oktober letzten Jahres und geben einen Dieselpreis von 1,335 € pro Liter an, im Gegensatz zum Durchschnittswert in der Eurozone, der 1,165 € beträgt.",1.8168915512590456
837,"Die Kosten sind signifikant höher und übersteigen eindeutig den Durchchnittswert der Länder, die die Einheitswährung übernommen haben; er entspricht 1,335 Euro pro Liter.",1.8982602327714098
838,Corrado Passera zieht das Angebot für MPS aufgrund „der von der Bank gezeigten Haltung gegenüber einer Totalschließung“ zurück.,2.306378111575708
839,"Wie bekanntgegeben wurde, hat die ECB die Entscheidungshoheit, und es wäre unangemessen, wenn die Bank für sich selbst sprechen würde, indem sie die Berücksichtigung anderer Alternativen ausschlösse.",1.4661002237982308
840,"Dies war MPS nach der Entscheidung des Ex-Ministers, die Partei zu verlassen, mitgeteilt worden.",1.6719630489623634
841,Es wird geprüft werden.,1.1106218459550765
842,"Dies wurde den Studenten der LUISS-Universität im Verlauf eines Gesprächs mitgeteilt, das in Rom stattfand.",1.5075557613196
843,An diesem Morgen traf sich Papst Franziskus mit Mark Zuckerberg und dessen Frau in der Casa Santa Maria.,1.6503696481683712
844,"Vier Studenten von der Universität Roma Tre haben einen Motorradhelm entwickelt, der „Gedanken lesen“ und die Handlungen des Fahrer vorhersehen kann.",1.671604660202885
845,"Eines der Beispiele für die angewandte Forschung bei Sicherheitsmaßnahmen ist ein humanoider Roboter, der gegen Valentino Rossi antritt.",1.4338932520833474
846,Im Gegenzug wird Uber eine Milliarde Dollar Investitionsbeteiligung erhalten sowie einen Sitz im Vorstand des chinesischen Unternehmens.,1.2418246462600062
847,"Technologiekonzerne geben mehr und mehr den Ton an, mehr als zuvor an der Wall Street - sogar mehr als in Silicon Valley.",1.4975977703533205
848,"Amazon ist das amerikanische Unternehmen, mit dem vierthöchsten Börsenwert und hat damit ExxonMobil überrundet.",1.9564490526339504
849,"Die Führungskräfte von Unternehmen wie Spotify, Tesla, Uber und Snapchat werden zusätzlich zum Digital Summit in Mountain View eine private Veranstaltung besuchen.",1.656296092076766
850,"Die Präsidentin der Kommune von Madrid, Cristina Cifuentes, repräsentiert die besonders Konvervativen, während Parteiführer wie der Staatssekretär Javier Maroto die Progressivsten vertreten.",1.7437997460211478
851,"Durán fungiert als Sprecher, Ángel Pintado als Schatzmeister.",2.5489957157269605
852,"Zum ersten Mal seit sechs Jahren ist die Arbeitslosigkeit wieder auf unter 20 % gesunken, und es sind jetzt schon 600.000 Menschen mehr in Arbeit als noch vor einem Jahr.",1.2080010894404085
853,Die Führung war jedoch auch nicht frei von Kritik.,1.4972538814630603
854,"Die Gewerkschaften waren zuletzt sehr kampfbereit und haben bei verschiedenen Gelegenheiten eine Aufhebung der Gesetzgebung gefordert, auf die Fátima Báñez so stolz ist.",1.6437440216321257
855,Diese Abteilung muss sich nun auf neue Herausforderungen gefasst machen.,1.093150545532623
856,Außerdem muss die Regierung sich noch mit einem anderen heißen Eisen auseinandersetzen.,1.2425790330993594
857,"Der Verteidigungsminister hat ihr gestattet, vorerst Generalsekretärin der Partei zu bleiben.",1.1708759951827887
858,"Die zur Rate gezogenen Quellen besagen, dass sie zu 100 % Cospedal ist.",2.1124844298690175
859,"Davon abgesehen, hat nicht jeder in der Partei die Botschaften verstanden, die der Präsident ihnen gestern übermitteln wollte.",1.1602265420110656
860,Barón de Claret ist in der Regierung der Einzige mit einem Adelstitel.,2.189230098655327
861,"Pedro Sánchez sagte, wie viele andere Sozialisten im Programm Évole, dass Spanien eine Nation der Nationen sei.",1.9083186015232119
862,"Und was ist mit den Parteien in was, in historischen Rechten?",1.4910816886949376
863,"Federico Fellini hat einmal gesagt: „Der Clown ist für die Menschheit, was der Schatten für den einzelnen Mann ist.“",1.6324572344762245
864,"Er steht allein vor dem Publikum, und am Ende muss er das Beste aus sich herausholen, um die Zuschauer zum Lachen zu bringen.",1.0504150410493176
865,"In Kriegsfilmen und Western waren Schlachten, Kämpfe und Prügeleien himmlisch.",1.7560809453288613
866,"Emphase, feine Ironie, offene Anspielungen und andere gern eingesetzte Instrumente passen zur parlamentarische Redekunst, aber sich gegenseitig zu piesacken und Slapstickeinlagen passen nicht.",2.016574317524621
867,"Er glaubt, dass niemand der auf uns Wartenden auf uns wartet.",1.3229582157419817
868,"Vielleicht ist das der Grund, wieso ihm Tränen in die Augen steigen, während der Zahn der Zeit seine Ernte ans Tageslicht bringen und das Mysterium dem Lauf der Tränen überlässt.",1.2634027022388317
869,"Und sie müssen mit Mut und klarem Kopf begrüßt werden, weil sie die neue Generation von Schönheit und Hoffnung begründen.",1.2225133111919777
870,Deswegen ist Trump nicht sehr besorgt in Bezug auf die Stimmen der Hispanics auf nationaler Ebene.,1.437846056735037
871,"Die frühe Stimmabgabe legt die Vermutung nahe, dass dieses Mal die Hispanics in großer Zahl wählen gehen werden, aber es ist noch unklar, ob diese Steigerung Auswirkungen haben wird.",1.513853856780971
872,"„Es wird Proteste und dergleichen geben, es ist alles schon geplant“, sagte die Opposition der Zeitung El Mundo.",1.8521953636217592
873,Dutzende von FSLN-Anhängern feiern schon den Sieg auf der Plaza de las Victorias.,2.3047193079288566
874,"May war stark kritisiert worden, weil sie sich nach der gerichtlichen Entscheidung zum Brexit den Medien entzogen und keine öffentliche Erklärung abgegeben hatte.",1.2796363956735324
875,Die 1925 als Jedermann-Festspiele gegründeten Freilichtspiele auf der großen Treppe vor St. Michael ziehen bis heute ein überregionales Publikum an.,1.9187097003247477
876,Die feierliche Einweihung fand am 30. April 1955 statt.,1.4482130948610248
877,1882 wurde ein mit 34 Feuermeldern ausgestattetes Telegraphie-System in Betrieb genommen.,1.8983334005793384
878,1992 wurde die von der Kommune zur Nutzung überlassene Spielstätte des ehemaligen Puppentheaters von Spielern und Mitarbeitern übernommen.,1.6612695366220376
879,"Es handelt sich hierbei um eines der wenigen Gebäude im Stadtzentrum, die am Ende des Zweiten Weltkrieges von der Vernichtung verschont blieben.",1.221968990681884
880,"1832 verkaufte der württembergische Staat die ehemalige Klosteranlage an den Fabrikanten Georg Reichenbach, mit der Auflage, dort eine Baumwollmanufaktur einzurichten.",2.2572344028396896
881,"Die muslimischen Mitbürger, die sich seit Anfang der 1960er Jahre angesiedelt haben, stammen überwiegend aus der Türkei.",1.3364414991875868
882,Darunter ist der ehemalige Klosterbereich mit der Stiftskirche St. Peter und Paul.,1.8796570163900859
883,Das historische Rathaus in Obermarsberg stammt ursprünglich aus dem 13. Jahrhundert und wurde nach dem Dreißigjährigen Krieg erneuert.,1.4403829369336265
884,Über die Gründe für das Verlassen des Ortes gibt es unterschiedliche Theorien.,1.2204141499231091
885,"Der über vier Kilometer lange Golden Gate Park bietet einen Botanischen Garten, ein Planetarium, einen japanischen Teegarten und ein Aquarium.",1.6136836610972753
886,Er dient den San Franciscans als städtisches Naherholungsgebiet.,2.042390289280336
887,Der Yerba-Buena-Garten wurde zu Beginn der 1990er Jahre auf dem Dach des Moscone North Convention Center errichtet.,1.9716293047409534
888,"Es beherbergt ein Denkmal für Martin Luther King, jr.",1.8931625915641603
889,Seit den 1960er Jahren ging es mit der Wirtschaft der Stadt steil bergab.,1.5088105622409718
890,Bei der Unterhauswahl 2010 konnte die Labour Party alle sieben Wahlkreise gewinnen.,1.939507847344611
891,Sowohl Zeitpunkt als auch Ablauf dieses Ereignisses werden sehr kontrovers diskutiert.,1.2383221854609794
892,"Im April 2012 äußerte der türkische Ministerpräsident Erdogan Pläne seiner Regierung, den Bosporus durch den parallel zu bauenden Istanbul-Kanal zu entlasten.",1.7895084798086567
893,"Insbesondere wollten die Osmanen verhindern, dass Getreide weitertransportiert wurde, da sie selber einen großen Bedarf dafür hatten.",1.3961249735162975
894,Dem Osmanischen Reich und Russland war das Unterhalten einer Kriegsflotte im Schwarzen Meer untersagt.,1.6113508053981405
895,"In ihrer Ausdehnung gehörte sie zu den weitläufigsten Kulturen dieser Zeit, von der viele weitere Fundstätten bekannt sind.",1.5184124191832054
896,"Der Fund geht zurück auf das frühe 5. vorchristliche Jahrhundert, ebenso wie die meisten Fundplätze Südosteuropas.",1.9851697906497965
897,"Der wohl bekannteste Mensch der Kupferzeit ist der als Kältemumie erhaltene Ötzi, der um 3300 v. Chr. lebte.",2.5336286408757753
898,Sie lagen vor allem auf Anhöhen.,1.8436151491702135
899,"Technologisch bemerkenswert ist überdies ihr Verfahren, Kupfer zu vergolden.",1.9930266340028548
900,Die Heftigkeit und das Ausgreifen der Revolution auf dem Lande alarmierten auch Hof und Nationalversammlung in Versailles.,1.4995979537942392
901,Der Vorgang wurde in Paris bekannt und heizte eine bei anhaltend hohem Brotpreis und Versorgungsmängeln ohnehin aufgeladene Stimmung weiter an.,2.071920282907199
902,"Besondere Vorsicht ließ der König während der Flucht nicht walten, sodass er bei Aufenthalten mehrfach erkannt wurde.",1.7102151420595804
903,Die Hymne stieß auf Zustimmung und das Publikum forderte eine Zugabe.,1.6318749199571434
904,Ich erkläre die ersten internationalen Olympischen Spiele für beendet.,1.1915337789468488
905,Mit dem Ersten Weltkrieg kam es zu Verschiebungen und neuen Entwicklungen in der Kolonialpolitik.,1.149860259277608
906,Die Industrielle Revolution fand in Großbritannien früher als in jedem anderen Staat der Erde statt.,1.1697472919077896
907,Die Sueskrise 1956 zeigte die Grenzen der alten Kolonialmächte Großbritannien und Frankreich in einer sich wandelnden Welt.,1.6479633314513267
908,Nach der Machtübernahme des Nationalsozialismus 1933 gab es im Deutschen Reich uneinheitliche Bestrebungen zur Wiedergewinnung der alten Kolonien.,1.6241538698483644
909,"Nach der Russischen Revolution 1917 erlangten einige Länder die Unabhängigkeit, so Finnland, Polen und die baltischen Länder.",1.6073237686353268
910,Eines seiner letzten Druckmittel gegenüber den Ungarn blieb die Androhung der Einführung allgemeiner und freier Wahlen.,1.562231527452329
911,"Kaiser und König Franz Joseph I. war nach dem Ausgleich penibel darauf bedacht, seine beiden Monarchien gleich zu behandeln.",1.8178247528990306
912,Das Kloster Disibodenberg wurde infolge der Reformation aufgelöst und verfiel.,2.1581468196694056
913,Heute sind dort ausgedehnte Ruinen zu besichtigen.,1.8119017822475167
914,Das Kloster Rupertsberg wurde während des Dreißigjährigen Krieges im Jahre 1632 von schwedischen Truppen zerstört.,1.5400967453779488
915,Die vertriebenen Ordensschwestern übersiedelten in das Kloster Eibingen.,2.0371358753311752
916,Die Ruinen wurden später überbaut.,1.6282056447361102
917,"Nach diesen Erfolgen wurde er vom Team Telekom unter Vertrag genommen und zog zu seiner Freundin nach Merdingen in Südbaden, wo er bis 2002 lebte.",1.8994811123598938
918,"Bei den Olympischen Spielen 2004 in Athen trat Ullrich als Sieger des Straßenrennens mit dem Ziel an, seine zweite Goldmedaille zu gewinnen.",1.6258595909525098
919,"Die Zensur schaltete alle unerwünschten Meinungsäußerungen aus, eine Teilnahme am öffentlichen Leben war so gut wie unmöglich geworden.",1.4349145559554946
920,"Die Blutspuren auf der Kleidung zeigen die Form, die sie nach den bekannten Berichten vom Mordtag haben müßten.",1.5770131069632907
921,Weiss wurde mit den Literaturpreisen der Städte Köln und Bremen geehrt.,1.984269047940734
922,Privat wie öffentlich setzte sich Springer stark für eine Aussöhnung mit dem jüdischen Volk ein und unternahm mehrere Reisen nach Israel.,1.7171075658564663
923,Das Chalet brannte dabei vollständig nieder.,1.9518740064960123
924,"Im folgenden Jahr, 1977, erhielt er die Auszeichnung der American Friendship Medal für die freundschaftliche Position seiner Presse zu den USA.",1.562909364795533
925,"Die Distrikte Viguier und La Conte beherbergen den Großteil des sozialen Wohnungsbaus der Stadt, wo die Bevölkerung überwiegend aus Einwanderern und deren Nachfahren besteht.",1.6865695078247727
926,Die Geschichte von Carcassonne ist direkt mit seiner Geschichte als Festungsstadt verknüpft.,1.5814384403143729
927,In den frühen 2000ern gab es fünf Ärzte für 100.000 Einwohner.,1.3351838259377782
928,"Amnesty International zitiert Zeitungsartikel von 2008, in denen der Mord an 50 Menschen beschrieben wurde, die der Hexerei beschuldigt worden waren.",1.3451765101829667
929,"Von Bellinghausen sichtete die Antarktis am 27. Januar 1820, drei Tage, bevor Bransfield Land sichtete und 10 Monate, bevor Palmer es tat, im November 1820.",2.0891536597149094
930,"In der Endurance-Expedition 1914 setzte das britische Schiff Endurance unter der Führung von Kapitän Sir Ernest Shackleton mit 28 Männern die Segel, um die Antarktis zu durchqueren.",1.726258059256348
931,"Diese Abfassung war der Gründungsakt der Römischen Gesetzgebung, der Institutionen der Römischen Republik und des mos mojorum.",1.9207936194912387
932,"Pyrrhus war jedoch gezwungen worden, Sizilien zu verlassen, um Geschäfte in Süditalien abzuwickeln.",1.7795076432299453
933,"Im 8. Jahrhundert n. Chr. begann Griechenland, aus den Dunklen Jahrhunderten emporzusteigen, die auf den Fall der Mykenischen Kultur gefolgt waren.",1.6394604900169032
934,"Die Alphabetisierung war verloren gegangen und die Mykenische Schrift in Vergessenheit geraten, aber die Griechen übernahmen das Phoenizische Alphabet und modifizierten es, um so das Griechische Alphabet zu schaffen.",1.5263272229709322
935,Vom 9. Jahrhundert n. Chr. an erschienen die ersten griechischen Texte.,1.8685967143943405
936,"Griechenland war in viele kleine eigenständige Kommunen unterteilt - eine Form, die weitgehend durch die griechische Geografie vorgegeben ist: Jede Insel, jedes Tal und jede Ebene ist von den Nachbarregionen durch Meer oder Bergketten getrennt.",1.6226984663757749
937,Etwa seit dem 8. Jahrhundert n. Chr. bildeten sich die ersten Stadtstaaten: kleine eigenständige Territorien mit ihren eigenen politischen Systemen.,1.5353715643683927
938,Im Mittelalter hatten die meisten Christen keinen Zugang zu einer Bibel in ihrer Muttersprache.,1.2491992504020333
939,"Die Expansion begann jedoch erst, als Schiffe gebaut wurden, die groß genug waren, um die Meere zu überqueren.",1.0797088332127942
940,"Handel entwickelte sich mit der Errichtung gewerbsmäßiger Außenposten im gesamten Mittelmeerraum - eine Praxis, die bis dahin unüblich war.",1.6428821734100925
941,Diese Affäre kann als Startpunkt für seine Karriere als radikaler Revolutionär vestanden werden.,1.6639437272628317
942,"Im Monat Pluvoise des Jahres III (Januar - Februar 1794) wurde der Druck der Terrorherrschaft etwas gelockert, und er unternahm verschiedene Maßnahmen, um die Verdächtigen zu befreien.",1.8636164473203092
943,"Weil sie vollständig mit Privatgeldern von Bernard Tapie finanziert waren, wurden diese Schulen 1994 geschlossen, nachdem er bankrott war.",1.5071119852353674
944,"Obwohl es der Top-Händler für Ausstattung und Textilien weltweit war, steckte das deutsche Unternehmen in finanziellen Schwierigkeiten.",1.3661301380570634
945,"Um alldem zu entfliehen, verbrachten die Remis den Großteil des Sommers 1947 in der Schweiz.",1.6504405119228407
946,"Auf ihrem Rückflug spielten sie mit dem Gedanken, nach Südamerika zu ziehen, weit weg von den Problemen in Nachkriegsbelgien.",1.396492873092682
947,"Im Frühjahr 1948 hoffte der belgische Künstler, Tim und Struppi für das Kino zu adaptieren und schrieb einen Brief an Walt Disney, in dem er ihn um Hilfe bat - vergebens.",1.800822972280362
948,"Im Sommer kehrten Georges und seine Frau in die Schweiz zurück, zusammen mit Rosane, einer Achtzehnjährigen, die die Tochter einer Freundin von Germaine war.",1.3229114775485844
949,"Während der Ferien begann er eine außereheliche Affäre mit dem jungen Mädchen, die er wenig später gestand.",1.3632209771169168
950,"Im unteren Teil gibt es Palmen, die die Meeresküste säumen und die Liebe der Inselbewohner für ihre Insel versinnbildlichen.",1.7620931424346087
951,Darüber hinaus ist das Auftreten von Hurricanes im Sommer auf der Insel möglich.,1.633662375029095
952,Die Inseln befinden sich am Bruch der australischen Platte; der Bruch entstand aufgrund der Kollision der indischen mit der australischen Platte.,1.4912547053027752
953,"Ein Element, das diese Hypothese unterstützen würde, wäre der große königliche Pferdebestand, der sich in der Villa Pelucca in Sesto San Giovanni befand.",1.6882151531810268
954,"1928 wurde im nordöstlichen Teil des Parks ein 90 Hektar großer Golfplatz gebaut, direkt neben der Rennbahn.",1.599374751914733
955,"1976 war die Rennbahn nicht mehr in Benutzung, und 1990 wurden die Überreste der hölzernen Haupttribüne durch ein Feuer zerstört und später zusammen mit den Ställen abgerissen.",1.628925860253871
956,Im August 1969 schaffte Papst Paul VI. die Todesstrafe im vatikanischen Gesetz ab und nahm sie für alle Straftaten zurück.,1.609434081696351
957,"Die Prägung von Münzen hat vornehmlich münzenkundliche Bedeutung, und die Münzen sollen in erster Linie an Sammler verkauft werden.",1.6745307210571625
958,"Der innere Teil der Region ist flach und hügelig, ohne dass es eine klare Grenze zwischen einem Bereich und dem nächsten gibt.",1.3614446274296101
959,"Es gibt viele prähistorische Artefakte, darunter verschiedene Menhire und Dolmen.",1.7242420379176755
960,"Dann wurde die zweite königliche Region Apuliens und Kalabriens errichtet, zu der auch Samnium, Teile von Molise und das orientalische Basilikata gehörten.",2.2782043165447927
961,"Im 13. Jahrhundert wurde der Name Apulien von einigen Autoren verwendet, um sich auf den südlichen Teil der italienischen Halbinsel zu beziehen.",1.235080260053061
962,"Der Historiker David Crouch deutet an, dass Stephen vor den Herausforderungen dieser Zeit geflohen ist, um sich mit anderen Dingen zu beschäftigen.",1.2834879445830476
963,"Nur eine Handvoll davon (Grafentitel) hatten unter Henry I. existiert, und diese hatten auch weitgehend symbolischen Charakter.",1.746174922420543
964,Während des Ersten Koalitionskrieges geriet ein junger korsicher Artillerieoffizier und Anhänger der Französichen Revolution schnell in den Fokus: Napoleon Bonaparte.,1.8752518799606204
965,"Obwohl der Konflikt dadurch auch nicht gelöst wurde, zwang der Sieg der Franzosen in der Schlacht von Marengo die Österreicher dazu, Italien zum zweiten Mal aufzugeben.",1.49221962365182
966,"Die Blockade der Flotte von Villeneuve führte zur Aufgabe der Invasionspläne für die britischen Inseln, auch weil auf dem Kontinent neue Entwicklungen stattfanden.",1.4815964951693086
967,"Napoleon war sicher, dass der klare Sieg von Austerlitz zu einem allgemeinen Friedensvertrag führen würde, aber seine Hoffnungen wurden bald zerstört: Der neue britische Premierminister Lord Grenville lehnte jede Einigung ab, ebenso Zar Alexander.",1.4307142865919416
968,In Bezug auf seine religiöse Entwicklung wurde Fiorello in der Episkopalen Kirche ausgebildet und blieb sein ganzes Leben lang ein Mitglied der Protestantischen Kirche.,1.4802033760083366
969,"Der Mann erzählte ihm, dass ein Krieg zwischen den beiden Reichen ausbrechen würde, wie er und Walter es vorhergesagt hatten; aus diesem Grund wurde (unter anderen) Olivia als Kind ausgebildet.",1.3254190839248
970,Beide Studenten von Goffredo Petrassi - Ennio Morricone und Bruno Nicolai - trafen sich im Hl. Cäcilien-Konservatorium.,2.852717933486393
971,"Zwischen ihnen entstand eine professionelle und freundschaftliche Beziehung, die Jahre andauerte.",1.2169988819817716
972,"Nicolai arbeitete in vielen Filmeproduktionen mit Morricone zusammen, z. B. in „Metti, una sera a cena“; einige Stücke hatten sie sogar gemeinsam geschrieben.",2.3037297439983844
973,Die Freundschaft brach jedoch aufgrund ungeklärter Beteiligungen am gemeinsamen geistigen Eigentum auseinander und endete in rechtlichen Auseinandersetzungen.,1.298482633298557
974,"Es ist nicht klar, wer in ihren zahlreichen gemeinsamen Arbeiten welche stilistischen Beträge zu den Arrangements geleistet hatte, die später als charakteristisch für die Arbeit beider Künstler angesehen wurde.",1.378664923766455
975,"Im 20. Jahrhundert zwischen 1904 und 1914 führte Antonio Gaudí eine Reform ein, die zehn Jahre dauern sollte.",1.465064070087541
976,Es gibt drei parallele Kapellen in der Apsis und viele seitliche Kapellen zwischen den Stützpfeilern.,2.0429946737770353
977,"Der Überlieferung nach wurde das Thema absichtlich gewählt wegen der großen Zahl konvertierter Juden, die in Palma lebten.",1.52028585400326
978,"Bevor die Anden sich formierten, hatten am westlichen Rand von Südamerika bereits einige Gebirgsbildungen stattgefunden.",1.5410771889015706
979,"Die zentralen Anden gehören zu den sogenannten „Andes de tipo andino“, die sich durch die Subduktion der ozeanischen Kruste gebildet hatten.",1.9369385077662615
980,"Der Zusammenbruch zwischen ihm und Linares und der Abbruch der progressiven Linie provozierte jedoch die Revolution der Rechtfertigung, wodurch er 1879 gestürzt wurde.",1.5058018234010664
981,"Unter seiner Regierung wurde das Frauenwahlrecht eingeführt, politische Parteien wurden legalisiert, alle Exilanten durften zurückkehren und die noch verbleibenden politischen Gefangenen wurden freigelassen.",1.3481350113811104
982,"Der Kollaps und die Interventionen bei Dutzenden von Banken führten zu einer Kapitalflucht, die die Insolvenz vieler Unternehmen zur Folge hatte.",1.4149669399270368
983,"Der Abschnitt von dieser zweiten Grenze bis hin zur Außengrenze ist die gedachte Linie, die den Leuchtturm von Punta des Este mit dem Leuchtturm in Punta Rasa verbindet.",1.8844927040873543
984,"Die Situation veränderte sich ab dem Oktober 1777, als britische Streitkräfte unter dem Kommando von General John Burgoyne in Saratoga im Norden des Staates New York kapitulierten.",1.6999486774046293
985,"Dies war der Gnadenschuss und die Ermunterung, die die Siedler brauchten, um ihre Unabhängigkeit zu erhalten.",1.4125419191300865
986,"Indianer unter der Führung von Joseph Brant kamen aus Kanada an; sie unterstützten die Briten, weil die Kolonisten immer mehr von ihrem Land für sich in Anspruch nahmen.",1.495723109030632
987,"Die Expedition wurde angeführt von General Joseph Burgoyne, der Albany erreichen wollte.",1.7199370778378047
988,"Sie wurden jedoch abgefangen und mussten in Freeman kämpfen, nahe dem Hudson River.",1.563020634629157
989,"Das Spanisch des goldenen Zeitalters, oder auch das frühmoderne Spanisch, ist die Sprachvariante, die den Übergang vom mittelalterlichen Spanisch zum modernen Spanisch markiert.",1.761292757807614
990,"Andererseits finden sich in der externen Geschichtsschreibung Verweise auf die Geschichte von Spanischsprechern, ihre historische Unbeständigkeit und die soziale Nutzung der Sprache.",1.4240336456849423
991,"Wenn allerdings das englische Gesetz akzeptiert worden wäre, dann hätten die Töchter von Luis X., Felipe V. und Carlos IV. mehr Anspruch auf den Thron gehabt als ihre Tante, Isabella von Frankreich.",1.570756755425634
992,"Die Versuche, Frieden zu schaffen, scheiterten schließlich im Frühjahr 1415, und Enrique entschied, seinen Plan umzusetzen: die Invasion des gesamten französischen Königreichs.",1.3234742908233252
993,"Er verhandelte auch die Föderalisierung der Stadt Buenos Aires, die Verlängerung des Handelsgesetzbuchs und die Verpflichtung neuer Generäle in die Armee.",1.5981579227920952
994,"1976 traf er sich mit Kiki Dee, einer Freundin, die auch mit seinem Plattenlabel The Rocket Record Company arbeitete, um einen Song aufzunehmen, der ein bemerkenswerter Erfolg werden sollte: „Don't Go Breaking My Heart“.",1.7059176024839513
995,"Pompeius übernahm die Führung zweier Legionen in Capua und begann, illegale Abgaben zu erheben; eine Handlung, mit der erwartungsgemäß die Anhänger Cäsars ausgenutzt wurden, in deren Gunst er stand.",1.78727539426683
996,"Cäsar wurde persönlich von Curio, der zu dieser Zeit seine Amtsperiode beendet hatte, über Pompeius' Aktivitäten informiert.",1.911031449560388
997,"In der Zwischenzeit war sein Platz im Tribunat von Marcus Antonius eingenommen worden, der die Position bis Dezember innehatte.",1.3339519978638963
998,"Aber als der Senat ihm endgültig antwortete, indem er ihm verbot, im Konsulat anzutreten und ihm die Optionen eröffnete, entweder seine Truppen zurückzuziehen oder zum öffentlichen Feind zu werden, erkannte er: Egal, welche Alternative er wählte, er würde sich seinen Feinden unbewaffnet ergeben müssen.",1.342837341216382
999,"Am 1. Januar 49 v. Chr. verlas Marcus Antionius die Erklärung von Cäsar, in der der Statthalter sich selbst zum Freund des Friedens erklärte.",2.0133740106890214
